1 1
2 -1 -1 -1 0
4 1 1 2 0 
4 2 1 2 0 
4 3 1 2 128 
4 4 1 2 0 
4 5 1 2 0 
4 6 1 2 0 
3
5 1
1 2
2 -1 0 -1 0
4 1 1 2 0 
4 2 1 2 32 
4 3 4 4 -1 4 -1 4 -1 4 -1 
4 11 1 2 0 
4 12 1 4 -1 
4 14 1 2 0 
3
5 2
1 3
2 1 1 -1 0
4 7 1 2 8 
4 8 1 2 0 
4 9 1 2 0 
4 10 1 2 255 
4 11 1 2 0 
4 12 3 2 85 2 119 2 51 
4 15 1 4 2000 
4 17 1 4 0 
3
5 3
1 4
2 1 2 -1 0
4 8 1 2 1 
3
5 4
1 5
2 1 129 -1 0
4 7 1 2 28 
4 6 1 2 1 
4 8 1 2 0 
3
5 5
1 6
2 1 4 -1 0
4 7 1 2 16 
3
5 6
1 7
2 1 6 -1 0
4 7 1 2 2 
4 6 1 2 1 
4 8 1 2 3 
4 9 2 2 0 2 0 
3
5 7
1 8
2 1 7 -1 0
3
5 8
1 9
2 1 130 -1 0
4 8 1 2 3 
3
5 9
1 10
2 1 10 -1 0
4 8 1 2 1 
4 9 1 2 0 
4 10 1 4 -1 
3
5 10
1 11
2 1 12 -1 0
4 7 1 2 12 
4 6 1 2 1 
4 8 1 2 1 
3
5 11
1 12
2 1 13 -1 0
4 7 1 2 20 
4 6 1 2 1 
4 8 1 2 3 
4 9 2 2 0 2 0 
3
5 12
1 13
2 1 131 -1 0
4 8 1 2 1 
4 9 1 2 1 
3
5 13
1 14
2 1 132 -1 0
3
5 14
1 15
2 1 132 -1 0
3
5 15
1 16
2 1 133 -1 0
4 7 1 2 12 
3
5 16
1 17
2 1 134 -1 0
4 7 1 2 24 
4 8 1 2 3 
3
5 17
1 18
2 1 84 -1 0
3
5 18
1 19
2 1 135 -1 0
4 8 1 2 2 
4 9 2 2 0 2 0 
3
5 19
1 20
2 1 16 -1 0
3
5 20
1 21
2 1 136 -1 0
4 8 1 4 0 
3
5 21
1 22
2 1 17 -1 0
4 7 1 2 12 
3
5 22
1 23
2 1 137 -1 0
4 8 1 2 3 
3
5 23
1 24
2 1 18 -1 0
4 8 1 2 3 
4 9 2 2 0 2 0 
3
5 24
1 25
2 1 20 -1 0
3
5 25
1 26
2 1 22 -1 0
4 8 1 2 3 
4 9 2 2 0 2 0 
3
5 26
1 27
2 1 23 -1 0
4 8 1 2 2 
4 9 2 2 0 2 0 
3
5 27
1 28
2 1 24 -1 0
4 7 1 2 16 
3
5 28
1 29
2 1 25 -1 0
4 8 1 2 10 
4 9 1 2 1 
3
5 29
1 30
2 1 26 -1 0
4 7 1 2 12 
4 8 1 2 5 
3
5 30
1 31
2 1 27 -1 0
4 8 1 2 0 
3
5 31
1 32
2 1 138 -1 0
3
5 32
1 33
2 1 29 -1 0
4 7 1 2 4 
4 8 1 2 0 
3
5 33
1 34
2 1 30 -1 0
4 7 1 2 16 
4 8 1 2 0 
3
5 34
1 35
2 1 139 -1 0
4 8 1 2 0 
3
5 35
1 36
2 1 93 -1 0
3
5 36
1 37
2 1 140 -1 0
4 8 1 4 0 
3
5 37
1 38
2 1 141 -1 0
3
5 38
1 39
2 1 31 -1 0
3
5 39
1 40
2 1 32 -1 0
4 7 1 2 16 
4 6 1 2 1 
4 8 1 2 3 
4 9 2 2 0 2 0 
3
5 40
1 41
2 1 33 -1 0
4 8 1 2 1 
3
5 41
1 42
2 1 35 -1 0
4 8 1 2 0 
3
5 42
1 43
2 1 36 -1 0
3
5 43
1 44
2 1 37 -1 0
4 7 1 2 12 
3
5 44
1 45
2 1 38 -1 0
3
5 45
1 46
2 1 39 -1 0
3
5 46
1 47
2 1 127 -1 0
3
5 47
1 48
2 1 88 -1 0
4 8 1 2 2 
4 9 2 2 0 2 0 
3
5 48
1 49
2 1 144 -1 0
3
5 49
1 50
2 1 143 -1 0
3
5 50
1 51
2 1 40 -1 0
4 8 1 2 1 
3
5 51
1 52
2 1 145 -1 0
4 8 1 2 0 
4 9 1 2 0 
4 10 1 4 0 
4 12 1 2 -1 
4 13 1 2 1 
4 14 1 4 -1 
4 16 1 2 0 
3
5 52
1 53
2 1 42 -1 0
4 7 1 2 8 
4 8 2 2 255 2 255 
3
5 53
1 54
2 1 43 -1 0
4 7 1 2 3 
4 8 1 2 0 
4 9 1 2 0 
3
5 54
1 55
2 1 44 -1 0
4 7 1 2 24 
3
5 55
1 56
2 1 45 -1 0
4 8 1 2 0 
4 9 1 2 0 
3
5 56
1 57
2 1 46 -1 0
4 7 1 2 4 
4 8 1 2 1 
3
5 57
1 58
2 1 47 -1 0
4 8 1 2 1 
3
5 58
1 59
2 1 48 -1 0
4 8 1 2 0 
4 9 1 4 -1 
3
5 59
1 60
2 1 49 -1 0
4 8 1 4 -1 
3
5 60
1 61
2 1 52 -1 0
4 8 1 2 0 
3
5 61
1 62
2 1 54 -1 0
4 7 1 2 8 
3
5 62
1 63
2 1 152 -1 0
4 8 1 2 1 
4 9 1 2 0 
3
5 63
1 64
2 1 58 -1 0
4 7 1 2 20 
4 8 1 2 1 
3
5 64
1 65
2 1 147 -1 0
3
5 65
1 66
2 1 60 -1 0
4 8 1 2 1 
3
5 66
1 67
2 1 148 -1 0
3
5 67
1 68
2 1 61 -1 0
4 7 1 2 8 
4 8 1 2 0 
3
5 68
1 69
2 1 149 -1 0
3
5 69
1 70
2 1 150 -1 0
4 8 1 2 0 
4 9 2 2 0 2 0 
3
5 70
1 71
2 1 63 -1 0
4 8 1 2 0 
3
5 71
1 72
2 1 64 -1 0
4 7 1 2 8 
3
5 72
1 73
2 1 90 -1 0
3
5 73
1 74
2 1 56 -1 0
3
5 74
1 75
2 1 89 -1 0
3
5 75
1 76
2 1 57 -1 0
3
5 76
1 77
2 1 69 -1 0
3
5 77
1 78
2 1 91 -1 0
3
5 78
1 79
2 1 70 -1 0
4 7 1 2 20 
4 8 1 2 0 
4 9 1 2 0 
3
5 79
1 80
2 1 153 -1 0
3
5 80
1 81
2 1 154 -1 0
3
5 81
1 82
2 1 155 -1 0
4 8 1 2 3 
4 9 2 2 0 2 0 
3
5 82
1 83
2 1 71 -1 0
4 7 1 2 12 
4 8 1 4 -1 
3
5 83
1 84
2 1 74 -1 0
4 8 1 2 0 
4 9 2 2 0 2 0 
4 11 1 4 0 
3
5 84
1 85
2 1 75 -1 0
4 8 1 2 0 
3
5 85
1 86
2 1 76 -1 0
4 8 1 2 1 
3
5 86
1 87
2 1 87 -1 0
3
5 87
1 88
2 1 92 -1 0
3
5 88
1 89
2 1 156 -1 0
4 7 1 2 20 
3
5 89
1 90
2 1 86 -1 0
3
5 90
1 91
2 1 85 -1 0
3
5 91
1 92
2 1 80 -1 0
3
5 92
1 93
2 1 157 -1 0
4 7 1 2 20 
3
5 93
1 94
2 1 82 -1 0
4 8 1 2 0 
3
5 94
2 2 -1 5000 -1
4 5 1 4 5001 
4 7 1 4 5006 
4 3 1 4 5001 
4 14 1 2 0 
3
2 77 -1 0 -5000
4 2 1 2 0 
4 3 1 2 0 
4 5 1 2 244 
4 1 1 2 4 
3
5 96
2 36 -1 0 -5000
4 2 1 2 0 
4 3 1 2 4 
4 5 1 2 188 
4 8 1 2 0 
3
5 97
2 89 -1 0 -5000
4 2 1 2 84 
4 3 1 2 135 
4 5 1 2 8 
4 1 1 2 5 
3
5 98
2 65 -1 0 -5000
4 2 1 2 112 
4 3 1 2 43 
4 5 1 2 0 
4 6 1 2 4 
3
5 99
2 89 -1 0 -5000
4 2 1 2 32 
4 3 1 2 29 
4 5 1 2 8 
4 1 1 2 5 
3
5 100
2 89 -1 0 -5000
4 2 1 2 16 
4 3 1 2 130 
4 5 1 2 8 
4 1 1 2 5 
3
5 101
2 36 -1 0 -5000
4 2 1 2 0 
4 3 1 2 4 
4 5 1 2 188 
4 1 1 2 1 
4 8 1 2 2 
3
5 102
5 -5000
2 2 -1 5001 -1
4 5 1 4 5008 
4 9 1 4 5000 
4 7 1 4 5002 
4 3 1 4 5007 
4 14 1 2 0 
3
2 77 -1 0 -5001
4 2 1 2 0 
4 3 1 2 0 
4 5 1 2 244 
4 1 1 2 4 
3
5 104
2 36 -1 0 -5001
4 2 1 2 0 
4 3 1 2 4 
4 5 1 2 188 
4 8 1 2 0 
3
5 105
2 89 -1 0 -5001
4 2 1 2 100 
4 3 1 2 102 
4 5 1 2 16 
4 1 1 2 9 
3
5 106
2 16 -1 0 -5001
4 2 1 2 24 
4 3 1 2 132 
4 5 1 2 8 
4 1 1 2 4 
3
5 107
2 16 -1 0 -5001
4 2 1 2 132 
4 3 1 2 139 
4 5 1 2 9 
4 1 1 2 4 
4 6 1 2 1 
3
5 108
2 36 -1 0 -5001
4 2 1 2 0 
4 3 1 2 4 
4 5 1 2 188 
4 1 1 2 1 
4 8 1 2 2 
3
5 109
5 -5001
2 2 -1 5002 -1
4 5 1 4 5003 
4 9 1 4 5002 
4 7 1 4 5008 
4 3 1 4 5026 
4 14 1 2 0 
3
2 77 -1 0 -5002
4 2 1 2 0 
4 3 1 2 0 
4 5 1 2 244 
4 1 1 2 4 
3
5 111
2 36 -1 0 -5002
4 2 1 2 0 
4 3 1 2 4 
4 5 1 2 188 
4 8 1 2 0 
3
5 112
2 89 -1 0 -5002
4 2 1 2 92 
4 3 1 2 135 
4 5 1 2 0 
4 1 1 2 5 
3
5 113
2 16 -1 0 -5002
4 2 1 2 0 
4 3 1 2 29 
4 5 1 2 56 
4 1 1 2 4 
3
5 114
2 89 -1 0 -5002
4 2 1 2 40 
4 3 1 2 148 
4 5 1 2 0 
4 1 1 2 5 
3
5 115
2 36 -1 0 -5002
4 2 1 2 0 
4 3 1 2 4 
4 5 1 2 188 
4 1 1 2 1 
4 8 1 2 2 
3
5 116
2 16 -1 0 -5002
4 2 1 2 92 
4 3 1 2 35 
4 5 1 2 16 
4 1 1 2 4 
4 6 1 2 2 
3
5 117
2 16 -1 0 -5002
4 2 1 2 128 
4 3 1 2 35 
4 5 1 2 8 
4 1 1 2 4 
4 6 1 2 2 
3
5 118
5 -5002
2 2 -1 5003 -1
4 5 1 4 5010 
4 9 1 4 5004 
4 7 1 4 5009 
4 3 1 4 5009 
4 14 1 2 0 
3
2 77 -1 0 -5003
4 2 1 2 0 
4 3 1 2 0 
4 5 1 2 244 
4 1 1 2 4 
3
5 120
2 36 -1 0 -5003
4 2 1 2 0 
4 3 1 2 4 
4 5 1 2 188 
4 8 1 2 0 
3
5 121
2 36 -1 0 -5003
4 2 1 2 0 
4 3 1 2 4 
4 5 1 2 188 
4 1 1 2 1 
4 8 1 2 2 
3
5 122
5 -5003
2 2 -1 5004 -1
4 5 1 4 5016 
4 9 1 4 5003 
4 7 1 4 5010 
4 3 1 4 5005 
4 14 1 2 0 
3
2 77 -1 0 -5004
4 2 1 2 0 
4 3 1 2 0 
4 5 1 2 244 
4 1 1 2 4 
3
5 124
2 36 -1 0 -5004
4 2 1 2 0 
4 3 1 2 4 
4 5 1 2 188 
4 8 1 2 0 
3
5 125
2 89 -1 0 -5004
4 2 1 2 68 
4 3 1 2 32 
4 5 1 2 16 
4 1 1 2 2 
3
5 126
2 40 -1 0 -5004
4 2 1 2 116 
4 3 1 2 144 
4 5 1 2 228 
4 8 1 2 3 
4 9 1 2 0 
4 10 1 2 0 
3
5 127
2 36 -1 0 -5004
4 2 1 2 0 
4 3 1 2 4 
4 5 1 2 188 
4 1 1 2 1 
4 8 1 2 2 
3
5 128
5 -5004
2 2 -1 5005 -1
4 9 1 4 5004 
4 7 1 4 5011 
4 14 1 2 0 
3
2 77 -1 0 -5005
4 2 1 2 0 
4 3 1 2 0 
4 5 1 2 244 
4 1 1 2 4 
3
5 130
2 36 -1 0 -5005
4 2 1 2 0 
4 3 1 2 4 
4 5 1 2 188 
4 8 1 2 0 
3
5 131
2 65 -1 0 -5005
4 2 1 2 72 
4 3 1 2 10 
4 5 1 2 0 
4 6 1 2 3 
3
5 132
2 16 -1 0 -5005
4 2 1 2 36 
4 3 1 2 32 
4 5 1 2 56 
4 1 1 2 4 
3
5 133
2 65 -1 0 -5005
4 2 1 2 56 
4 3 1 2 14 
4 5 1 2 0 
4 6 1 2 1 
3
5 134
2 36 -1 0 -5005
4 2 1 2 0 
4 3 1 2 4 
4 5 1 2 0 
4 1 1 2 1 
4 8 1 2 2 
3
5 135
2 65 -1 0 -5005
4 2 1 2 36 
4 3 1 2 5 
4 5 1 2 0 
4 6 1 2 1 
3
5 136
2 65 -1 0 -5005
4 2 1 2 60 
4 3 1 2 5 
4 5 1 2 0 
4 6 1 2 1 
3
5 137
2 36 -1 0 -5005
4 2 1 2 0 
4 3 1 2 4 
4 5 1 2 188 
4 1 1 2 1 
4 8 1 2 2 
3
5 138
2 16 -1 0 -5005
4 2 1 2 92 
4 3 1 2 35 
4 5 1 2 16 
4 1 1 2 4 
4 6 1 2 2 
3
5 139
2 65 -1 0 -5005
4 2 1 2 44 
4 3 1 2 25 
4 5 1 2 0 
4 6 1 2 1 
3
5 140
2 65 -1 0 -5005
4 2 1 2 40 
4 3 1 2 14 
4 5 1 2 0 
4 6 1 2 1 
3
5 141
2 89 -1 0 -5005
4 2 1 2 24 
4 3 1 2 132 
4 5 1 2 16 
4 1 1 2 2 
3
5 142
5 -5005
2 2 -1 5006 -1
4 5 1 4 5007 
4 7 1 4 5012 
4 14 1 2 0 
3
2 77 -1 0 -5006
4 2 1 2 0 
4 3 1 2 0 
4 5 1 2 244 
4 1 1 2 4 
3
5 144
2 36 -1 0 -5006
4 2 1 2 0 
4 3 1 2 4 
4 5 1 2 188 
4 8 1 2 0 
3
5 145
2 16 -1 0 -5006
4 2 1 2 12 
4 3 1 2 29 
4 5 1 2 56 
4 1 1 2 4 
3
5 146
2 36 -1 0 -5006
4 2 1 2 0 
4 3 1 2 4 
4 5 1 2 188 
4 1 1 2 1 
4 8 1 2 2 
3
5 147
2 16 -1 0 -5006
4 2 1 2 92 
4 3 1 2 35 
4 5 1 2 16 
4 1 1 2 4 
4 6 1 2 2 
3
5 148
2 16 -1 0 -5006
4 2 1 2 128 
4 3 1 2 35 
4 5 1 2 8 
4 1 1 2 4 
4 6 1 2 2 
3
5 149
5 -5006
2 2 -1 5007 -1
4 7 1 4 5013 
4 14 1 2 0 
3
2 77 -1 0 -5007
4 2 1 2 0 
4 3 1 2 0 
4 5 1 2 244 
4 1 1 2 4 
3
5 151
2 36 -1 0 -5007
4 2 1 2 0 
4 3 1 2 4 
4 5 1 2 188 
4 8 1 2 0 
3
5 152
2 80 -1 0 -5007
4 2 1 2 60 
4 3 1 2 12 
4 5 1 2 8 
4 6 1 2 5 
4 8 1 2 0 
4 9 1 2 0 
3
5 153
2 89 -1 0 -5007
4 2 1 2 24 
4 3 1 2 138 
4 5 1 2 0 
4 1 1 2 5 
3
5 154
2 80 -1 0 -5007
4 2 1 2 72 
4 3 1 2 12 
4 5 1 2 8 
4 6 1 2 5 
4 8 1 2 0 
4 9 1 2 0 
3
5 155
2 36 -1 0 -5007
4 2 1 2 0 
4 3 1 2 4 
4 5 1 2 188 
4 1 1 2 1 
4 8 1 2 2 
3
5 156
5 -5007
2 2 -1 5008 -1
4 5 1 4 5014 
4 14 1 2 0 
3
2 77 -1 0 -5008
4 2 1 2 0 
4 3 1 2 0 
4 5 1 2 244 
4 1 1 2 4 
3
5 158
2 36 -1 0 -5008
4 2 1 2 0 
4 3 1 2 4 
4 5 1 2 188 
4 8 1 2 0 
3
5 159
2 87 -1 0 -5008
4 2 1 2 52 
4 3 1 2 20 
4 5 1 2 16 
4 8 1 2 0 
4 9 1 2 0 
4 10 1 2 0 
4 11 1 2 249 
4 12 1 2 8 
4 13 1 2 21 
3
5 160
2 16 -1 0 -5008
4 2 1 2 24 
4 3 1 2 132 
4 5 1 2 56 
4 1 1 2 4 
3
5 161
2 16 -1 0 -5008
4 2 1 2 132 
4 3 1 2 139 
4 5 1 2 9 
4 1 1 2 4 
4 6 1 2 1 
3
5 162
2 87 -1 0 -5008
4 2 1 2 52 
4 3 1 2 19 
4 5 1 2 8 
4 8 1 2 0 
4 9 1 2 2 
4 10 1 2 2 
4 11 1 2 7 
4 12 1 2 15 
4 13 1 2 16 
3
5 163
2 87 -1 0 -5008
4 2 1 2 60 
4 3 1 2 131 
4 5 1 2 8 
4 8 1 2 0 
4 9 1 2 0 
4 10 1 2 7 
4 11 1 2 1 
4 12 1 2 1 
4 13 1 2 4 
3
5 164
2 36 -1 0 -5008
4 2 1 2 0 
4 3 1 2 4 
4 5 1 2 188 
4 1 1 2 1 
4 8 1 2 2 
3
5 165
5 -5008
2 2 -1 5009 -1
4 7 1 4 5015 
4 14 1 2 0 
3
2 77 -1 0 -5009
4 2 1 2 0 
4 3 1 2 0 
4 5 1 2 244 
4 1 1 2 4 
3
5 167
2 36 -1 0 -5009
4 2 1 2 0 
4 3 1 2 4 
4 5 1 2 188 
4 8 1 2 0 
3
5 168
2 80 -1 0 -5009
4 2 1 2 60 
4 3 1 2 12 
4 5 1 2 8 
4 6 1 2 5 
4 8 1 2 0 
4 9 1 2 0 
3
5 169
2 89 -1 0 -5009
4 2 1 2 120 
4 3 1 2 138 
4 5 1 2 8 
4 1 1 2 5 
3
5 170
2 80 -1 0 -5009
4 2 1 2 72 
4 3 1 2 12 
4 5 1 2 8 
4 6 1 2 5 
4 8 1 2 0 
4 9 1 2 0 
3
5 171
2 36 -1 0 -5009
4 2 1 2 0 
4 3 1 2 4 
4 5 1 2 188 
4 1 1 2 1 
4 8 1 2 2 
3
5 172
5 -5009
2 2 -1 5010 -1
4 5 1 4 5005 
4 7 1 4 5016 
4 14 1 2 0 
3
2 77 -1 0 -5010
4 2 1 2 0 
4 3 1 2 0 
4 5 1 2 244 
4 1 1 2 4 
3
5 174
2 36 -1 0 -5010
4 2 1 2 0 
4 3 1 2 4 
4 5 1 2 188 
4 8 1 2 0 
3
5 175
2 89 -1 0 -5010
4 2 1 2 72 
4 3 1 2 60 
4 5 1 2 8 
4 1 1 2 5 
4 6 1 2 4 
3
5 176
2 89 -1 0 -5010
4 2 1 2 64 
4 3 1 2 67 
4 5 1 2 8 
4 1 1 2 5 
4 6 1 2 3 
3
5 177
2 89 -1 0 -5010
4 2 1 2 64 
4 3 1 2 29 
4 5 1 2 8 
4 1 1 2 5 
4 6 1 2 1 
3
5 178
2 89 -1 0 -5010
4 2 1 2 16 
4 3 1 2 130 
4 5 1 2 8 
4 1 1 2 5 
3
5 179
2 36 -1 0 -5010
4 2 1 2 0 
4 3 1 2 4 
4 5 1 2 188 
4 1 1 2 1 
4 8 1 2 2 
3
5 180
2 16 -1 0 -5010
4 2 1 2 128 
4 3 1 2 35 
4 5 1 2 8 
4 1 1 2 4 
4 6 1 2 2 
3
5 181
5 -5010
2 2 -1 5011 -1
4 7 1 4 5017 
4 14 1 2 0 
3
2 77 -1 0 -5011
4 2 1 2 0 
4 3 1 2 0 
4 5 1 2 244 
4 1 1 2 4 
3
5 183
2 36 -1 0 -5011
4 2 1 2 0 
4 3 1 2 4 
4 5 1 2 188 
4 8 1 2 0 
3
5 184
2 89 -1 0 -5011
4 2 1 2 52 
4 3 1 2 102 
4 5 1 2 16 
4 1 1 2 9 
3
5 185
2 16 -1 0 -5011
4 2 1 2 24 
4 3 1 2 132 
4 5 1 2 56 
4 1 1 2 4 
3
5 186
2 16 -1 0 -5011
4 2 1 2 132 
4 3 1 2 139 
4 5 1 2 9 
4 1 1 2 4 
4 6 1 2 1 
3
5 187
2 6 -1 0 -5011
4 2 1 2 88 
4 3 1 2 138 
4 5 1 2 0 
3
5 188
2 36 -1 0 -5011
4 2 1 2 0 
4 3 1 2 4 
4 5 1 2 188 
4 1 1 2 1 
4 8 1 2 2 
3
5 189
5 -5011
2 2 -1 5012 -1
4 5 1 4 5019 
4 7 1 4 5018 
4 3 1 4 5007 
4 14 1 2 0 
3
2 77 -1 0 -5012
4 2 1 2 0 
4 3 1 2 0 
4 5 1 2 244 
4 1 1 2 4 
3
5 191
2 36 -1 0 -5012
4 2 1 2 0 
4 3 1 2 4 
4 5 1 2 188 
4 8 1 2 0 
3
5 192
2 80 -1 0 -5012
4 2 1 2 60 
4 3 1 2 12 
4 5 1 2 8 
4 6 1 2 5 
4 8 1 2 0 
4 9 1 2 0 
3
5 193
2 54 -1 0 -5012
4 2 1 2 76 
4 3 1 2 154 
4 5 1 2 16 
4 1 1 2 12 
4 8 1 2 0 
3
5 194
2 80 -1 0 -5012
4 2 1 2 72 
4 3 1 2 12 
4 5 1 2 8 
4 6 1 2 5 
4 8 1 2 0 
4 9 1 2 0 
3
5 195
2 36 -1 0 -5012
4 2 1 2 0 
4 3 1 2 4 
4 5 1 2 188 
4 1 1 2 1 
4 8 1 2 2 
3
5 196
5 -5012
2 2 -1 5013 -1
4 5 1 4 5014 
4 7 1 4 5008 
4 3 1 4 5001 
4 14 1 2 0 
3
2 77 -1 0 -5013
4 2 1 2 0 
4 3 1 2 0 
4 5 1 2 244 
4 1 1 2 4 
3
5 198
2 36 -1 0 -5013
4 2 1 2 0 
4 3 1 2 4 
4 5 1 2 188 
4 8 1 2 0 
3
5 199
2 36 -1 0 -5013
4 2 1 2 0 
4 3 1 2 4 
4 5 1 2 188 
4 1 1 2 1 
4 8 1 2 2 
3
5 200
5 -5013
2 2 -1 5014 -1
4 5 1 4 5013 
4 7 1 4 5021 
4 14 1 2 0 
3
2 77 -1 0 -5014
4 2 1 2 0 
4 3 1 2 0 
4 5 1 2 244 
4 1 1 2 4 
3
5 202
2 36 -1 0 -5014
4 2 1 2 0 
4 3 1 2 4 
4 5 1 2 188 
4 8 1 2 0 
3
5 203
2 80 -1 0 -5014
4 2 1 2 68 
4 3 1 2 12 
4 5 1 2 8 
4 6 1 2 7 
4 8 1 2 0 
4 9 1 2 0 
3
5 204
2 68 -1 0 -5014
4 2 1 2 100 
4 3 1 2 138 
4 5 1 2 0 
4 8 1 2 1 
3
5 205
2 68 -1 0 -5014
4 2 1 2 120 
4 3 1 2 148 
4 5 1 2 0 
4 8 1 2 1 
3
5 206
2 68 -1 0 -5014
4 2 1 2 24 
4 3 1 2 162 
4 5 1 2 32 
4 1 1 2 1 
4 8 1 2 1 
3
5 207
2 68 -1 0 -5014
4 2 1 2 144 
4 3 1 2 152 
4 5 1 2 72 
4 1 1 2 1 
4 8 1 2 1 
3
5 208
2 36 -1 0 -5014
4 2 1 2 0 
4 3 1 2 4 
4 5 1 2 188 
4 1 1 2 1 
4 8 1 2 2 
3
5 209
5 -5014
2 2 -1 5015 -1
4 5 1 4 5010 
4 3 1 4 5009 
4 14 1 2 0 
3
2 77 -1 0 -5015
4 2 1 2 0 
4 3 1 2 0 
4 5 1 2 244 
4 1 1 2 4 
3
5 211
2 36 -1 0 -5015
4 2 1 2 0 
4 3 1 2 4 
4 5 1 2 188 
4 8 1 2 0 
3
5 212
2 84 -1 0 -5015
4 2 1 2 92 
4 3 1 2 132 
4 5 1 2 0 
4 8 1 2 0 
3
5 213
2 89 -1 0 -5015
4 2 1 2 64 
4 3 1 2 29 
4 5 1 2 8 
4 1 1 2 5 
3
5 214
2 89 -1 0 -5015
4 2 1 2 16 
4 3 1 2 130 
4 5 1 2 8 
4 1 1 2 5 
3
5 215
2 36 -1 0 -5015
4 2 1 2 0 
4 3 1 2 4 
4 5 1 2 188 
4 1 1 2 1 
4 8 1 2 2 
3
5 216
2 16 -1 0 -5015
4 2 1 2 128 
4 3 1 2 35 
4 5 1 2 8 
4 1 1 2 4 
4 6 1 2 2 
3
5 217
5 -5015
2 2 -1 5016 -1
4 5 1 4 5021 
4 14 1 2 0 
3
2 77 -1 0 -5016
4 2 1 2 0 
4 3 1 2 0 
4 5 1 2 244 
4 1 1 2 4 
3
5 219
2 36 -1 0 -5016
4 2 1 2 0 
4 3 1 2 4 
4 5 1 2 188 
4 8 1 2 0 
3
5 220
2 80 -1 0 -5016
4 2 1 2 68 
4 3 1 2 12 
4 5 1 2 8 
4 6 1 2 6 
4 8 1 2 0 
4 9 1 2 0 
3
5 221
2 89 -1 0 -5016
4 2 1 2 20 
4 3 1 2 32 
4 5 1 2 32 
4 1 1 2 2 
3
5 222
2 74 -1 0 -5016
4 2 1 2 116 
4 3 1 2 32 
4 5 1 2 16 
4 1 1 2 2 
4 8 1 2 138 
4 9 1 2 128 
4 10 1 2 133 
4 11 1 2 131 
4 12 1 2 56 
4 13 1 2 48 
4 14 1 2 32 
4 15 1 2 32 
4 16 1 2 32 
4 17 1 2 32 
3
5 223
2 36 -1 0 -5016
4 2 1 2 0 
4 3 1 2 4 
4 5 1 2 188 
4 1 1 2 1 
4 8 1 2 2 
3
5 224
5 -5016
2 2 -1 5017 -1
4 7 1 4 5005 
4 3 1 4 5029 
4 14 1 2 0 
3
2 77 -1 0 -5017
4 2 1 2 0 
4 3 1 2 0 
4 5 1 2 244 
4 1 1 2 4 
3
5 226
2 36 -1 0 -5017
4 2 1 2 0 
4 3 1 2 4 
4 5 1 2 188 
4 8 1 2 0 
3
5 227
2 89 -1 0 -5017
4 2 1 2 84 
4 3 1 2 135 
4 5 1 2 8 
4 1 1 2 5 
3
5 228
2 89 -1 0 -5017
4 2 1 2 32 
4 3 1 2 29 
4 5 1 2 8 
4 1 1 2 5 
3
5 229
2 89 -1 0 -5017
4 2 1 2 16 
4 3 1 2 130 
4 5 1 2 8 
4 1 1 2 5 
3
5 230
2 36 -1 0 -5017
4 2 1 2 0 
4 3 1 2 4 
4 5 1 2 188 
4 1 1 2 1 
4 8 1 2 2 
3
5 231
5 -5017
2 2 -1 5018 -1
4 5 1 4 5021 
4 7 1 4 5024 
4 3 1 4 5012 
4 14 1 2 0 
3
2 77 -1 0 -5018
4 2 1 2 0 
4 3 1 2 0 
4 5 1 2 244 
4 1 1 2 4 
3
5 233
2 36 -1 0 -5018
4 2 1 2 0 
4 3 1 2 4 
4 5 1 2 188 
4 8 1 2 0 
3
5 234
2 89 -1 0 -5018
4 2 1 2 56 
4 3 1 2 60 
4 5 1 2 8 
4 1 1 2 5 
4 6 1 2 4 
3
5 235
2 89 -1 0 -5018
4 2 1 2 48 
4 3 1 2 67 
4 5 1 2 8 
4 1 1 2 5 
4 6 1 2 2 
3
5 236
2 89 -1 0 -5018
4 2 1 2 48 
4 3 1 2 29 
4 5 1 2 8 
4 1 1 2 5 
4 6 1 2 1 
3
5 237
2 89 -1 0 -5018
4 2 1 2 44 
4 3 1 2 77 
4 5 1 2 9 
4 1 1 2 5 
4 6 1 2 2 
3
5 238
2 89 -1 0 -5018
4 2 1 2 84 
4 3 1 2 130 
4 5 1 2 8 
4 1 1 2 5 
3
5 239
2 36 -1 0 -5018
4 2 1 2 0 
4 3 1 2 4 
4 5 1 2 188 
4 1 1 2 1 
4 8 1 2 2 
3
5 240
5 -5018
2 2 -1 5019 -1
4 9 1 4 5013 
4 14 1 2 0 
3
2 77 -1 0 -5019
4 2 1 2 0 
4 3 1 2 0 
4 5 1 2 244 
4 1 1 2 4 
3
5 242
2 36 -1 0 -5019
4 2 1 2 0 
4 3 1 2 4 
4 5 1 2 188 
4 8 1 2 0 
3
5 243
2 80 -1 0 -5019
4 2 1 2 68 
4 3 1 2 12 
4 5 1 2 220 
4 6 1 2 6 
4 8 1 2 0 
4 9 1 2 0 
3
5 244
2 76 -1 0 -5019
4 2 1 2 48 
4 3 1 2 130 
4 5 1 2 16 
4 1 1 2 2 
4 8 1 2 134 
4 9 1 2 83 
4 10 1 2 80 
4 11 1 2 69 
4 12 1 2 69 
4 13 1 2 68 
4 14 1 2 134 
4 15 1 2 128 
4 16 1 2 66 
4 17 1 2 85 
4 18 1 2 77 
4 19 1 2 80 
4 20 1 2 32 
4 21 1 2 32 
4 22 1 2 32 
4 23 1 2 32 
4 24 1 2 32 
4 25 1 2 32 
4 26 1 2 32 
4 27 1 2 32 
4 28 1 2 32 
4 29 1 2 32 
4 30 1 2 32 
4 31 1 2 32 
4 32 1 2 32 
4 33 1 2 32 
4 34 1 2 32 
4 35 1 2 32 
4 36 1 2 32 
4 37 1 2 32 
4 38 1 2 32 
4 39 1 2 32 
4 40 1 2 32 
4 41 1 2 32 
4 42 1 2 32 
4 43 1 2 32 
4 44 1 2 32 
4 45 1 2 32 
4 46 1 2 32 
4 47 1 2 32 
3
5 245
2 36 -1 0 -5019
4 2 1 2 0 
4 3 1 2 4 
4 5 1 2 188 
4 1 1 2 1 
4 8 1 2 2 
3
5 246
5 -5019
2 2 -1 5020 -1
4 5 1 4 5015 
4 3 1 4 5019 
4 14 1 2 0 
3
2 77 -1 0 -5020
4 2 1 2 0 
4 3 1 2 0 
4 5 1 2 244 
4 1 1 2 4 
3
5 248
2 36 -1 0 -5020
4 2 1 2 0 
4 3 1 2 4 
4 5 1 2 188 
4 8 1 2 0 
3
5 249
2 80 -1 0 -5020
4 2 1 2 68 
4 3 1 2 12 
4 5 1 2 8 
4 6 1 2 8 
4 8 1 2 0 
4 9 1 2 0 
3
5 250
2 68 -1 0 -5020
4 2 1 2 56 
4 3 1 2 138 
4 5 1 2 0 
4 8 1 2 1 
3
5 251
2 68 -1 0 -5020
4 2 1 2 120 
4 3 1 2 158 
4 5 1 2 0 
4 8 1 2 1 
3
5 252
2 68 -1 0 -5020
4 2 1 2 144 
4 3 1 2 129 
4 5 1 2 88 
4 1 1 2 1 
4 8 1 2 1 
3
5 253
2 36 -1 0 -5020
4 2 1 2 0 
4 3 1 2 4 
4 5 1 2 188 
4 1 1 2 1 
4 8 1 2 2 
3
5 254
5 -5020
2 2 -1 5021 -1
4 5 1 4 5022 
4 7 1 4 5027 
4 3 1 4 5015 
4 14 1 2 0 
3
2 77 -1 0 -5021
4 2 1 2 0 
4 3 1 2 0 
4 5 1 2 244 
4 1 1 2 4 
3
5 256
2 36 -1 0 -5021
4 2 1 2 0 
4 3 1 2 4 
4 5 1 2 188 
4 8 1 2 0 
3
5 257
2 23 -1 0 -5021
4 2 1 2 20 
4 3 1 2 148 
4 5 1 2 16 
3
5 258
2 68 -1 0 -5021
4 2 1 2 56 
4 3 1 2 138 
4 5 1 2 0 
4 8 1 2 1 
3
5 259
2 68 -1 0 -5021
4 2 1 2 120 
4 3 1 2 158 
4 5 1 2 0 
4 8 1 2 1 
3
5 260
2 76 -1 0 -5021
4 2 1 2 108 
4 3 1 2 35 
4 5 1 2 0 
4 1 1 2 2 
4 8 1 2 134 
4 9 1 2 128 
4 10 1 2 82 
4 11 1 2 69 
4 12 1 2 83 
4 13 1 2 84 
4 14 1 2 134 
4 15 1 2 128 
4 16 1 2 83 
4 17 1 2 84 
4 18 1 2 79 
4 19 1 2 80 
4 20 1 2 32 
4 21 1 2 32 
4 22 1 2 32 
4 23 1 2 32 
4 24 1 2 32 
4 25 1 2 32 
4 26 1 2 32 
4 27 1 2 32 
4 28 1 2 32 
4 29 1 2 32 
4 30 1 2 32 
4 31 1 2 32 
4 32 1 2 32 
4 33 1 2 32 
4 34 1 2 32 
4 35 1 2 32 
4 36 1 2 32 
4 37 1 2 32 
4 38 1 2 32 
4 39 1 2 32 
4 40 1 2 32 
4 41 1 2 32 
4 42 1 2 32 
4 43 1 2 32 
4 44 1 2 32 
4 45 1 2 32 
4 46 1 2 32 
4 47 1 2 32 
3
5 261
2 68 -1 0 -5021
4 2 1 2 144 
4 3 1 2 129 
4 5 1 2 88 
4 1 1 2 1 
4 8 1 2 1 
3
5 262
2 36 -1 0 -5021
4 2 1 2 0 
4 3 1 2 4 
4 5 1 2 188 
4 1 1 2 1 
4 8 1 2 2 
3
5 263
5 -5021
2 2 -1 5022 -1
4 5 1 4 5023 
4 9 1 4 5021 
4 7 1 4 5028 
4 14 1 2 0 
3
2 77 -1 0 -5022
4 2 1 2 0 
4 3 1 2 0 
4 5 1 2 244 
4 1 1 2 4 
3
5 265
2 36 -1 0 -5022
4 2 1 2 0 
4 3 1 2 4 
4 5 1 2 188 
4 8 1 2 0 
3
5 266
2 80 -1 0 -5022
4 2 1 2 68 
4 3 1 2 12 
4 5 1 2 220 
4 6 1 2 6 
4 8 1 2 0 
4 9 1 2 0 
3
5 267
2 36 -1 0 -5022
4 2 1 2 0 
4 3 1 2 4 
4 5 1 2 188 
4 1 1 2 1 
4 8 1 2 2 
3
5 268
5 -5022
2 2 -1 5023 -1
4 9 1 4 5028 
4 3 1 4 5017 
4 14 1 2 0 
3
2 77 -1 0 -5023
4 2 1 2 0 
4 3 1 2 0 
4 5 1 2 244 
4 1 1 2 4 
3
5 270
2 36 -1 0 -5023
4 2 1 2 0 
4 3 1 2 4 
4 5 1 2 188 
4 8 1 2 0 
3
5 271
2 36 -1 0 -5023
4 2 1 2 0 
4 3 1 2 4 
4 5 1 2 188 
4 1 1 2 1 
4 8 1 2 2 
3
5 272
5 -5023
2 2 -1 5024 -1
4 5 1 4 5025 
4 7 1 4 5025 
4 3 1 4 5018 
4 14 1 2 0 
3
2 77 -1 0 -5024
4 2 1 2 0 
4 3 1 2 0 
4 5 1 2 244 
4 1 1 2 4 
3
5 274
2 36 -1 0 -5024
4 2 1 2 0 
4 3 1 2 4 
4 5 1 2 188 
4 8 1 2 0 
3
5 275
2 89 -1 0 -5024
4 2 1 2 24 
4 3 1 2 102 
4 5 1 2 16 
4 1 1 2 9 
3
5 276
2 89 -1 0 -5024
4 2 1 2 24 
4 3 1 2 108 
4 5 1 2 17 
4 1 1 2 9 
3
5 277
2 36 -1 0 -5024
4 2 1 2 0 
4 3 1 2 4 
4 5 1 2 188 
4 1 1 2 1 
4 8 1 2 2 
3
5 278
5 -5024
2 2 -1 5025 -1
4 5 1 4 5020 
4 3 1 4 5026 
4 14 1 2 0 
3
2 77 -1 0 -5025
4 2 1 2 0 
4 3 1 2 0 
4 5 1 2 244 
4 1 1 2 4 
3
5 280
2 36 -1 0 -5025
4 2 1 2 0 
4 3 1 2 4 
4 5 1 2 188 
4 8 1 2 0 
3
5 281
2 89 -1 0 -5025
4 2 1 2 84 
4 3 1 2 135 
4 5 1 2 8 
4 1 1 2 5 
3
5 282
2 89 -1 0 -5025
4 2 1 2 64 
4 3 1 2 29 
4 5 1 2 8 
4 1 1 2 5 
3
5 283
2 89 -1 0 -5025
4 2 1 2 16 
4 3 1 2 130 
4 5 1 2 8 
4 1 1 2 5 
3
5 284
2 36 -1 0 -5025
4 2 1 2 0 
4 3 1 2 4 
4 5 1 2 188 
4 1 1 2 1 
4 8 1 2 2 
3
5 285
2 16 -1 0 -5025
4 2 1 2 128 
4 3 1 2 35 
4 5 1 2 8 
4 1 1 2 4 
4 6 1 2 2 
3
5 286
5 -5025
2 2 -1 5026 -1
4 3 1 4 5020 
4 14 1 2 0 
3
2 77 -1 0 -5026
4 2 1 2 0 
4 3 1 2 0 
4 5 1 2 244 
4 1 1 2 4 
3
5 288
2 36 -1 0 -5026
4 2 1 2 0 
4 3 1 2 4 
4 5 1 2 188 
4 8 1 2 0 
3
5 289
2 21 -1 0 -5026
4 2 1 2 24 
4 3 1 2 144 
4 5 1 2 148 
3
5 290
2 89 -1 0 -5026
4 2 1 2 68 
4 3 1 2 32 
4 5 1 2 17 
4 1 1 2 2 
3
5 291
2 36 -1 0 -5026
4 2 1 2 0 
4 3 1 2 4 
4 5 1 2 188 
4 1 1 2 1 
4 8 1 2 2 
3
5 292
5 -5026
2 2 -1 5027 -1
4 5 1 4 5029 
4 9 1 4 5026 
4 3 1 4 5021 
4 14 1 2 0 
3
2 77 -1 0 -5027
4 2 1 2 0 
4 3 1 2 0 
4 5 1 2 244 
4 1 1 2 4 
3
5 294
2 36 -1 0 -5027
4 2 1 2 0 
4 3 1 2 4 
4 5 1 2 188 
4 8 1 2 0 
3
5 295
2 89 -1 0 -5027
4 2 1 2 48 
4 3 1 2 60 
4 5 1 2 8 
4 1 1 2 5 
4 6 1 2 2 
3
5 296
2 89 -1 0 -5027
4 2 1 2 48 
4 3 1 2 29 
4 5 1 2 8 
4 1 1 2 5 
4 6 1 2 1 
3
5 297
2 89 -1 0 -5027
4 2 1 2 44 
4 3 1 2 53 
4 5 1 2 9 
4 1 1 2 5 
4 6 1 2 2 
3
5 298
2 36 -1 0 -5027
4 2 1 2 0 
4 3 1 2 4 
4 5 1 2 188 
4 1 1 2 1 
4 8 1 2 2 
3
5 299
5 -5027
2 2 -1 5028 -1
4 9 1 4 5027 
4 3 1 4 5022 
4 14 1 2 0 
3
2 77 -1 0 -5028
4 2 1 2 0 
4 3 1 2 0 
4 5 1 2 244 
4 1 1 2 4 
3
5 301
2 36 -1 0 -5028
4 2 1 2 0 
4 3 1 2 4 
4 5 1 2 188 
4 8 1 2 0 
3
5 302
2 89 -1 0 -5028
4 2 1 2 64 
4 3 1 2 135 
4 5 1 2 0 
4 1 1 2 5 
3
5 303
2 16 -1 0 -5028
4 2 1 2 12 
4 3 1 2 29 
4 5 1 2 56 
4 1 1 2 4 
3
5 304
2 36 -1 0 -5028
4 2 1 2 0 
4 3 1 2 4 
4 5 1 2 188 
4 1 1 2 1 
4 8 1 2 2 
3
5 305
2 16 -1 0 -5028
4 2 1 2 92 
4 3 1 2 35 
4 5 1 2 16 
4 1 1 2 4 
4 6 1 2 2 
3
5 306
2 16 -1 0 -5028
4 2 1 2 128 
4 3 1 2 35 
4 5 1 2 8 
4 1 1 2 4 
4 6 1 2 2 
3
5 307
5 -5028
2 2 -1 5029 -1
4 3 1 4 5023 
4 14 1 2 0 
3
2 77 -1 0 -5029
4 2 1 2 0 
4 3 1 2 0 
4 5 1 2 244 
4 1 1 2 4 
3
5 309
2 36 -1 0 -5029
4 2 1 2 0 
4 3 1 2 4 
4 5 1 2 188 
4 8 1 2 0 
3
5 310
2 36 -1 0 -5029
4 2 1 2 0 
4 3 1 2 4 
4 5 1 2 188 
4 1 1 2 1 
4 8 1 2 2 
3
5 311
5 -5029
