1 1
2 -1 -1 -1 0
4 1 1 2 0 
4 2 1 2 0 
4 3 1 2 128 
4 4 1 2 0 
4 5 1 2 0 
4 6 1 2 0 
3
5 1
1 2
2 -1 0 -1 0
4 1 1 2 0 
4 2 1 2 32 
4 3 4 4 -1 4 -1 4 -1 4 -1 
4 11 1 2 0 
4 12 1 4 -1 
4 14 1 2 0 
3
5 2
1 3
2 1 1 -1 0
4 7 1 2 8 
4 8 1 2 0 
4 9 1 2 0 
4 10 1 2 255 
4 11 1 2 0 
4 12 3 2 85 2 119 2 51 
4 15 1 4 2000 
4 17 1 4 0 
3
5 3
1 4
2 1 2 -1 0
4 8 1 2 1 
3
5 4
1 5
2 1 129 -1 0
4 7 1 2 28 
4 6 1 2 1 
4 8 1 2 0 
3
5 5
1 6
2 1 4 -1 0
4 7 1 2 16 
3
5 6
1 7
2 1 6 -1 0
4 7 1 2 2 
4 6 1 2 1 
4 8 1 2 3 
4 9 2 2 0 2 0 
3
5 7
1 8
2 1 7 -1 0
3
5 8
1 9
2 1 130 -1 0
4 8 1 2 3 
3
5 9
1 10
2 1 10 -1 0
4 8 1 2 1 
4 9 1 2 0 
4 10 1 4 -1 
3
5 10
1 11
2 1 11 -1 0
3
5 11
1 12
2 1 12 -1 0
4 7 1 2 12 
4 6 1 2 1 
4 8 1 2 1 
3
5 12
1 13
2 1 13 -1 0
4 7 1 2 20 
4 6 1 2 1 
4 8 1 2 3 
4 9 2 2 0 2 0 
3
5 13
1 14
2 1 131 -1 0
4 8 1 2 1 
4 9 1 2 1 
3
5 14
1 15
2 1 132 -1 0
3
5 15
1 16
2 1 132 -1 0
3
5 16
1 17
2 1 158 -1 0
3
5 17
1 18
2 1 133 -1 0
4 7 1 2 12 
3
5 18
1 19
2 1 134 -1 0
4 7 1 2 24 
4 8 1 2 3 
3
5 19
1 20
2 1 84 -1 0
3
5 20
1 21
2 1 135 -1 0
4 8 1 2 2 
4 9 2 2 0 2 0 
3
5 21
1 22
2 1 16 -1 0
3
5 22
1 23
2 1 136 -1 0
4 8 1 4 0 
3
5 23
1 24
2 1 17 -1 0
4 7 1 2 12 
3
5 24
1 25
2 1 137 -1 0
4 8 1 2 3 
3
5 25
1 26
2 1 18 -1 0
4 8 1 2 3 
4 9 2 2 0 2 0 
3
5 26
1 27
2 1 20 -1 0
3
5 27
1 28
2 1 21 -1 0
3
5 28
1 29
2 1 22 -1 0
4 8 1 2 3 
4 9 2 2 0 2 0 
3
5 29
1 30
2 1 23 -1 0
4 8 1 2 2 
4 9 2 2 0 2 0 
3
5 30
1 31
2 1 24 -1 0
4 7 1 2 16 
3
5 31
1 32
2 1 25 -1 0
4 8 1 2 10 
4 9 1 2 1 
3
5 32
1 33
2 1 28 -1 0
3
5 33
1 34
2 1 26 -1 0
4 7 1 2 12 
4 8 1 2 5 
3
5 34
1 35
2 1 27 -1 0
4 8 1 2 0 
3
5 35
1 36
2 1 138 -1 0
3
5 36
1 37
2 1 29 -1 0
4 7 1 2 4 
4 8 1 2 0 
3
5 37
1 38
2 1 30 -1 0
4 7 1 2 16 
4 8 1 2 0 
3
5 38
1 39
2 1 139 -1 0
4 8 1 2 0 
3
5 39
1 40
2 1 93 -1 0
3
5 40
1 41
2 1 140 -1 0
4 8 1 4 0 
3
5 41
1 42
2 1 141 -1 0
3
5 42
1 43
2 1 31 -1 0
3
5 43
1 44
2 1 5 -1 0
3
5 44
1 45
2 1 32 -1 0
4 7 1 2 16 
4 6 1 2 1 
4 8 1 2 3 
4 9 2 2 0 2 0 
3
5 45
1 46
2 1 33 -1 0
4 8 1 2 1 
3
5 46
1 47
2 1 98 -1 0
4 8 1 2 3 
4 9 2 2 0 2 0 
3
5 47
1 48
2 1 35 -1 0
4 8 1 2 0 
3
5 48
1 49
2 1 36 -1 0
3
5 49
1 50
2 1 37 -1 0
4 7 1 2 12 
3
5 50
1 51
2 1 38 -1 0
3
5 51
1 52
2 1 39 -1 0
3
5 52
1 53
2 1 127 -1 0
3
5 53
1 54
2 1 88 -1 0
4 8 1 2 2 
4 9 2 2 0 2 0 
3
5 54
1 55
2 1 144 -1 0
3
5 55
1 56
2 1 143 -1 0
3
5 56
1 57
2 1 40 -1 0
4 8 1 2 1 
3
5 57
1 58
2 1 145 -1 0
4 8 1 2 0 
4 9 1 2 0 
4 10 1 4 0 
4 12 1 2 -1 
4 13 1 2 1 
4 14 1 4 -1 
4 16 1 2 0 
3
5 58
1 59
2 1 42 -1 0
4 7 1 2 8 
4 8 2 2 255 2 255 
3
5 59
1 60
2 1 43 -1 0
4 7 1 2 3 
4 8 1 2 0 
4 9 1 2 0 
3
5 60
1 61
2 1 44 -1 0
4 7 1 2 24 
3
5 61
1 62
2 1 45 -1 0
4 8 1 2 0 
4 9 1 2 0 
3
5 62
1 63
2 1 46 -1 0
4 7 1 2 4 
4 8 1 2 1 
3
5 63
1 64
2 1 47 -1 0
4 8 1 2 1 
3
5 64
1 65
2 1 48 -1 0
4 8 1 2 0 
4 9 1 4 -1 
3
5 65
1 66
2 1 49 -1 0
4 8 1 4 -1 
3
5 66
1 67
2 1 52 -1 0
4 8 1 2 0 
3
5 67
1 68
2 1 54 -1 0
4 7 1 2 8 
3
5 68
1 69
2 1 96 -1 0
4 8 1 2 3 
4 9 2 2 0 2 0 
3
5 69
1 70
2 1 152 -1 0
4 8 1 2 1 
4 9 1 2 0 
3
5 70
1 71
2 1 58 -1 0
4 7 1 2 20 
4 8 1 2 1 
3
5 71
1 72
2 1 147 -1 0
3
5 72
1 73
2 1 60 -1 0
4 8 1 2 1 
3
5 73
1 74
2 1 148 -1 0
3
5 74
1 75
2 1 61 -1 0
4 7 1 2 8 
4 8 1 2 0 
3
5 75
1 76
2 1 149 -1 0
3
5 76
1 77
2 1 150 -1 0
4 8 1 2 0 
4 9 2 2 0 2 0 
3
5 77
1 78
2 1 63 -1 0
4 8 1 2 0 
3
5 78
1 79
2 1 64 -1 0
4 7 1 2 8 
3
5 79
1 80
2 1 90 -1 0
3
5 80
1 81
2 1 56 -1 0
3
5 81
1 82
2 1 89 -1 0
3
5 82
1 83
2 1 57 -1 0
3
5 83
1 84
2 1 69 -1 0
3
5 84
1 85
2 1 95 -1 0
3
5 85
1 86
2 1 91 -1 0
3
5 86
1 87
2 1 70 -1 0
4 7 1 2 20 
4 8 1 2 0 
4 9 1 2 0 
3
5 87
1 88
2 1 153 -1 0
3
5 88
1 89
2 1 154 -1 0
3
5 89
1 90
2 1 97 -1 0
3
5 90
1 91
2 1 155 -1 0
4 8 1 2 3 
4 9 2 2 0 2 0 
3
5 91
1 92
2 1 71 -1 0
4 7 1 2 12 
4 8 1 4 -1 
3
5 92
1 93
2 1 74 -1 0
4 8 1 2 0 
4 9 2 2 0 2 0 
4 11 1 4 0 
3
5 93
1 94
2 1 75 -1 0
4 8 1 2 0 
3
5 94
1 95
2 1 76 -1 0
4 8 1 2 1 
3
5 95
1 96
2 1 87 -1 0
3
5 96
1 97
2 1 92 -1 0
3
5 97
1 98
2 1 156 -1 0
4 7 1 2 20 
3
5 98
1 99
2 1 86 -1 0
3
5 99
1 100
2 1 85 -1 0
3
5 100
1 101
2 1 80 -1 0
3
5 101
1 102
2 1 157 -1 0
4 7 1 2 20 
3
5 102
1 103
2 1 82 -1 0
4 8 1 2 0 
3
5 103
2 2 -1 1868 -1
4 9 1 4 1888 
4 14 1 2 0 
3
2 49 -1 0 -1868
4 2 1 2 0 
4 3 1 2 4 
4 5 1 2 64 
4 1 1 2 1 
3
5 105
2 101 -1 0 -1868
4 2 1 2 0 
4 3 1 2 0 
4 5 1 2 0 
4 1 1 2 4 
3
5 106
2 101 -1 0 -1868
4 2 1 2 0 
4 3 1 2 2 
4 5 1 2 64 
4 1 1 2 7 
3
5 107
2 71 -1 0 -1868
4 2 1 2 88 
4 3 1 2 156 
4 5 1 2 32 
4 1 1 2 2 
4 8 1 2 1 
3
5 108
2 93 -1 0 -1868
4 2 1 2 112 
4 3 1 2 136 
4 5 1 2 204 
4 8 1 2 0 
3
5 109
2 88 -1 0 -1868
4 2 1 2 68 
4 3 1 2 12 
4 5 1 2 56 
4 6 1 2 3 
4 8 1 2 0 
4 9 1 2 0 
3
5 110
2 71 -1 0 -1868
4 2 1 2 28 
4 3 1 2 159 
4 5 1 2 32 
4 1 1 2 2 
4 8 1 2 1 
3
5 111
5 -1868
2 2 -1 1869 -1
4 5 1 4 1871 
4 9 1 4 1890 
4 3 1 4 1870 
4 14 1 2 0 
3
2 49 -1 0 -1869
4 2 1 2 0 
4 3 1 2 4 
4 5 1 2 64 
4 1 1 2 1 
3
5 113
2 101 -1 0 -1869
4 2 1 2 0 
4 3 1 2 0 
4 5 1 2 0 
4 1 1 2 4 
3
5 114
2 101 -1 0 -1869
4 2 1 2 0 
4 3 1 2 2 
4 5 1 2 172 
4 1 1 2 7 
3
5 115
2 16 -1 0 -1869
4 2 1 2 12 
4 3 1 2 32 
4 5 1 2 0 
3
5 116
2 83 -1 0 -1869
4 2 1 2 44 
4 3 1 2 32 
4 5 1 2 16 
4 1 1 2 5 
4 6 1 2 8 
4 8 1 2 32 
4 9 1 2 32 
4 10 1 2 32 
4 11 1 2 49 
4 12 1 2 50 
4 13 1 2 57 
4 14 1 2 32 
4 15 1 2 32 
4 16 1 2 32 
4 17 1 2 32 
4 18 1 2 32 
4 19 1 2 32 
4 20 1 2 32 
4 21 1 2 32 
4 22 1 2 32 
4 23 1 2 32 
4 24 1 2 32 
4 25 1 2 32 
4 26 1 2 32 
4 27 1 2 32 
4 28 1 2 32 
4 29 1 2 32 
4 30 1 2 32 
4 31 1 2 32 
4 32 1 2 32 
4 33 1 2 32 
4 34 1 2 32 
4 35 1 2 32 
4 36 1 2 32 
4 37 1 2 32 
4 38 1 2 32 
4 39 1 2 32 
4 40 1 2 32 
4 41 1 2 32 
4 42 1 2 32 
4 43 1 2 32 
4 44 1 2 32 
4 45 1 2 32 
4 46 1 2 32 
4 47 1 2 32 
3
5 117
2 18 -1 0 -1869
4 2 1 2 56 
4 3 1 2 46 
4 5 1 2 172 
4 1 1 2 1 
3
5 118
2 65 -1 0 -1869
4 2 1 2 8 
4 3 1 2 158 
4 5 1 2 16 
4 8 1 2 0 
3
5 119
2 18 -1 0 -1869
4 2 1 2 84 
4 3 1 2 46 
4 5 1 2 172 
4 1 1 2 1 
3
5 120
2 18 -1 0 -1869
4 2 1 2 112 
4 3 1 2 46 
4 5 1 2 172 
4 1 1 2 1 
3
5 121
2 88 -1 0 -1869
4 2 1 2 68 
4 3 1 2 12 
4 5 1 2 56 
4 6 1 2 6 
4 8 1 2 0 
4 9 1 2 0 
3
5 122
5 -1869
2 2 -1 1870 -1
4 7 1 4 1869 
4 12 1 4 0 
4 14 1 2 2 
3
2 49 -1 0 -1870
4 2 1 2 0 
4 3 1 2 4 
4 5 1 2 220 
4 1 1 2 1 
3
5 124
2 101 -1 0 -1870
4 2 1 2 0 
4 3 1 2 0 
4 5 1 2 172 
4 1 1 2 4 
3
5 125
2 102 -1 0 -1870
4 2 1 2 48 
4 3 1 2 56 
4 5 1 2 0 
4 1 1 2 1 
3
5 126
2 25 -1 0 -1870
4 2 1 2 44 
4 3 1 2 130 
4 5 1 2 0 
3
5 127
2 21 -1 0 -1870
4 2 1 2 8 
4 3 1 2 32 
4 5 1 2 252 
4 8 1 2 2 
4 9 1 2 0 
4 10 1 2 0 
3
5 128
2 30 -1 0 -1870
4 2 1 2 120 
4 3 1 2 33 
4 5 1 2 172 
4 8 1 2 2 
4 9 1 2 0 
4 10 1 2 0 
3
5 129
2 39 -1 0 -1870
4 2 1 2 100 
4 3 1 2 133 
4 5 1 2 48 
4 8 1 2 1 
3
5 130
2 102 -1 0 -1870
4 2 1 2 88 
4 3 1 2 56 
4 5 1 2 0 
4 1 1 2 1 
3
5 131
2 56 -1 0 -1870
4 2 1 2 8 
4 3 1 2 131 
4 5 1 2 120 
3
5 132
2 60 -1 0 -1870
4 2 1 2 12 
4 3 1 2 87 
4 5 1 2 0 
4 1 1 2 3 
4 6 1 2 3 
4 8 1 2 0 
3
5 133
5 -1870
2 2 -1 1871 -1
4 5 1 4 1873 
4 9 1 4 1869 
4 3 1 4 1872 
4 14 1 2 0 
3
2 49 -1 0 -1871
4 2 1 2 0 
4 3 1 2 4 
4 5 1 2 64 
4 1 1 2 1 
3
5 135
2 101 -1 0 -1871
4 2 1 2 0 
4 3 1 2 0 
4 5 1 2 244 
4 1 1 2 4 
3
5 136
2 101 -1 0 -1871
4 2 1 2 0 
4 3 1 2 2 
4 5 1 2 164 
4 1 1 2 7 
3
5 137
2 16 -1 0 -1871
4 2 1 2 32 
4 3 1 2 32 
4 5 1 2 188 
4 6 1 2 3 
3
5 138
2 18 -1 0 -1871
4 2 1 2 16 
4 3 1 2 54 
4 5 1 2 0 
4 1 1 2 3 
4 6 1 2 1 
3
5 139
2 83 -1 0 -1871
4 2 1 2 64 
4 3 1 2 32 
4 5 1 2 16 
4 1 1 2 5 
4 6 1 2 8 
4 8 1 2 32 
4 9 1 2 32 
4 10 1 2 32 
4 11 1 2 50 
4 12 1 2 50 
4 13 1 2 57 
4 14 1 2 32 
4 15 1 2 32 
4 16 1 2 32 
4 17 1 2 32 
4 18 1 2 32 
4 19 1 2 32 
4 20 1 2 32 
4 21 1 2 32 
4 22 1 2 32 
4 23 1 2 32 
4 24 1 2 32 
4 25 1 2 32 
4 26 1 2 32 
4 27 1 2 32 
4 28 1 2 32 
4 29 1 2 32 
4 30 1 2 32 
4 31 1 2 32 
4 32 1 2 32 
4 33 1 2 32 
4 34 1 2 32 
4 35 1 2 32 
4 36 1 2 32 
4 37 1 2 32 
4 38 1 2 32 
4 39 1 2 32 
4 40 1 2 32 
4 41 1 2 32 
4 42 1 2 32 
4 43 1 2 32 
4 44 1 2 32 
4 45 1 2 32 
4 46 1 2 32 
4 47 1 2 32 
3
5 140
2 65 -1 0 -1871
4 2 1 2 92 
4 3 1 2 158 
4 5 1 2 0 
4 8 1 2 0 
3
5 141
2 88 -1 0 -1871
4 2 1 2 68 
4 3 1 2 12 
4 5 1 2 56 
4 6 1 2 6 
4 8 1 2 0 
4 9 1 2 0 
3
5 142
2 18 -1 0 -1871
4 2 1 2 100 
4 3 1 2 33 
4 5 1 2 8 
4 1 1 2 4 
4 6 1 2 2 
3
5 143
5 -1871
2 2 -1 1872 -1
4 7 1 4 1871 
4 12 1 4 0 
4 14 1 2 2 
3
2 49 -1 0 -1872
4 2 1 2 0 
4 3 1 2 4 
4 5 1 2 220 
4 1 1 2 1 
3
5 145
2 101 -1 0 -1872
4 2 1 2 0 
4 3 1 2 0 
4 5 1 2 244 
4 1 1 2 4 
3
5 146
2 102 -1 0 -1872
4 2 1 2 48 
4 3 1 2 56 
4 5 1 2 112 
4 1 1 2 1 
3
5 147
2 25 -1 0 -1872
4 2 1 2 44 
4 3 1 2 132 
4 5 1 2 0 
3
5 148
2 21 -1 0 -1872
4 2 1 2 8 
4 3 1 2 26 
4 5 1 2 8 
4 8 1 2 2 
4 9 1 2 0 
4 10 1 2 0 
3
5 149
2 30 -1 0 -1872
4 2 1 2 120 
4 3 1 2 33 
4 5 1 2 244 
4 8 1 2 2 
4 9 1 2 0 
4 10 1 2 0 
3
5 150
2 39 -1 0 -1872
4 2 1 2 100 
4 3 1 2 133 
4 5 1 2 8 
4 8 1 2 1 
3
5 151
2 102 -1 0 -1872
4 2 1 2 88 
4 3 1 2 56 
4 5 1 2 112 
4 1 1 2 1 
3
5 152
2 56 -1 0 -1872
4 2 1 2 12 
4 3 1 2 131 
4 5 1 2 120 
3
5 153
2 60 -1 0 -1872
4 2 1 2 12 
4 3 1 2 82 
4 5 1 2 0 
4 1 1 2 3 
4 6 1 2 3 
4 8 1 2 0 
3
5 154
2 19 -1 0 -1872
4 2 1 2 112 
4 3 1 2 130 
4 5 1 2 1 
4 1 1 2 1 
3
5 155
5 -1872
2 2 -1 1873 -1
4 5 1 4 1875 
4 9 1 4 1871 
4 3 1 4 1874 
4 14 1 2 0 
3
2 49 -1 0 -1873
4 2 1 2 0 
4 3 1 2 4 
4 5 1 2 64 
4 1 1 2 1 
3
5 157
2 101 -1 0 -1873
4 2 1 2 0 
4 3 1 2 0 
4 5 1 2 244 
4 1 1 2 4 
3
5 158
2 101 -1 0 -1873
4 2 1 2 0 
4 3 1 2 2 
4 5 1 2 172 
4 1 1 2 7 
3
5 159
2 16 -1 0 -1873
4 2 1 2 32 
4 3 1 2 32 
4 5 1 2 164 
4 6 1 2 1 
3
5 160
2 18 -1 0 -1873
4 2 1 2 16 
4 3 1 2 35 
4 5 1 2 16 
4 1 1 2 3 
4 6 1 2 1 
3
5 161
2 98 -1 0 -1873
4 2 1 2 100 
4 3 1 2 48 
4 5 1 2 0 
4 1 1 2 4 
3
5 162
2 65 -1 0 -1873
4 2 1 2 12 
4 3 1 2 158 
4 5 1 2 0 
4 8 1 2 0 
3
5 163
2 83 -1 0 -1873
4 2 1 2 64 
4 3 1 2 32 
4 5 1 2 16 
4 1 1 2 5 
4 6 1 2 8 
4 8 1 2 32 
4 9 1 2 32 
4 10 1 2 32 
4 11 1 2 51 
4 12 1 2 50 
4 13 1 2 57 
4 14 1 2 32 
4 15 1 2 32 
4 16 1 2 32 
4 17 1 2 32 
4 18 1 2 32 
4 19 1 2 32 
4 20 1 2 32 
4 21 1 2 32 
4 22 1 2 32 
4 23 1 2 32 
4 24 1 2 32 
4 25 1 2 32 
4 26 1 2 32 
4 27 1 2 32 
4 28 1 2 32 
4 29 1 2 32 
4 30 1 2 32 
4 31 1 2 32 
4 32 1 2 32 
4 33 1 2 32 
4 34 1 2 32 
4 35 1 2 32 
4 36 1 2 32 
4 37 1 2 32 
4 38 1 2 32 
4 39 1 2 32 
4 40 1 2 32 
4 41 1 2 32 
4 42 1 2 32 
4 43 1 2 32 
4 44 1 2 32 
4 45 1 2 32 
4 46 1 2 32 
4 47 1 2 32 
3
5 164
2 88 -1 0 -1873
4 2 1 2 68 
4 3 1 2 12 
4 5 1 2 56 
4 6 1 2 6 
4 8 1 2 0 
4 9 1 2 0 
3
5 165
2 16 -1 0 -1873
4 2 1 2 28 
4 3 1 2 56 
4 5 1 2 164 
4 6 1 2 10 
3
5 166
2 16 -1 0 -1873
4 2 1 2 40 
4 3 1 2 181 
4 5 1 2 164 
4 6 1 2 5 
3
5 167
5 -1873
2 2 -1 1874 -1
4 7 1 4 1873 
4 12 1 4 0 
4 14 1 2 2 
3
2 49 -1 0 -1874
4 2 1 2 0 
4 3 1 2 4 
4 5 1 2 16 
4 1 1 2 1 
3
5 169
2 101 -1 0 -1874
4 2 1 2 0 
4 3 1 2 0 
4 5 1 2 24 
4 1 1 2 4 
3
5 170
2 29 -1 0 -1874
4 2 1 2 96 
4 3 1 2 156 
4 5 1 2 164 
4 8 1 2 3 
4 9 1 2 0 
4 10 1 2 0 
3
5 171
2 102 -1 0 -1874
4 2 1 2 52 
4 3 1 2 60 
4 5 1 2 0 
3
5 172
2 102 -1 0 -1874
4 2 1 2 68 
4 3 1 2 67 
4 5 1 2 0 
4 6 1 2 2 
3
5 173
2 30 -1 0 -1874
4 2 1 2 16 
4 3 1 2 33 
4 5 1 2 148 
4 8 1 2 2 
4 9 1 2 0 
4 10 1 2 0 
3
5 174
2 39 -1 0 -1874
4 2 1 2 60 
4 3 1 2 130 
4 5 1 2 188 
4 8 1 2 1 
3
5 175
2 19 -1 0 -1874
4 2 1 2 96 
4 3 1 2 130 
4 5 1 2 57 
4 1 1 2 1 
3
5 176
2 19 -1 0 -1874
4 2 1 2 48 
4 3 1 2 131 
4 5 1 2 56 
4 1 1 2 1 
3
5 177
5 -1874
2 2 -1 1875 -1
4 5 1 4 1877 
4 9 1 4 1873 
4 3 1 4 1876 
4 14 1 2 0 
3
2 49 -1 0 -1875
4 2 1 2 0 
4 3 1 2 4 
4 5 1 2 64 
4 1 1 2 1 
3
5 179
2 101 -1 0 -1875
4 2 1 2 0 
4 3 1 2 0 
4 5 1 2 0 
4 1 1 2 4 
3
5 180
2 101 -1 0 -1875
4 2 1 2 0 
4 3 1 2 2 
4 5 1 2 172 
4 1 1 2 7 
3
5 181
2 16 -1 0 -1875
4 2 1 2 80 
4 3 1 2 32 
4 5 1 2 229 
3
5 182
2 18 -1 0 -1875
4 2 1 2 136 
4 3 1 2 56 
4 5 1 2 188 
3
5 183
2 83 -1 0 -1875
4 2 1 2 72 
4 3 1 2 32 
4 5 1 2 16 
4 1 1 2 5 
4 6 1 2 8 
4 8 1 2 32 
4 9 1 2 32 
4 10 1 2 32 
4 11 1 2 52 
4 12 1 2 50 
4 13 1 2 57 
4 14 1 2 32 
4 15 1 2 32 
4 16 1 2 32 
4 17 1 2 32 
4 18 1 2 32 
4 19 1 2 32 
4 20 1 2 32 
4 21 1 2 32 
4 22 1 2 32 
4 23 1 2 32 
4 24 1 2 32 
4 25 1 2 32 
4 26 1 2 32 
4 27 1 2 32 
4 28 1 2 32 
4 29 1 2 32 
4 30 1 2 32 
4 31 1 2 32 
4 32 1 2 32 
4 33 1 2 32 
4 34 1 2 32 
4 35 1 2 32 
4 36 1 2 32 
4 37 1 2 32 
4 38 1 2 32 
4 39 1 2 32 
4 40 1 2 32 
4 41 1 2 32 
4 42 1 2 32 
4 43 1 2 32 
4 44 1 2 32 
4 45 1 2 32 
4 46 1 2 32 
4 47 1 2 32 
3
5 184
2 65 -1 0 -1875
4 2 1 2 76 
4 3 1 2 159 
4 5 1 2 1 
4 8 1 2 0 
3
5 185
2 88 -1 0 -1875
4 2 1 2 68 
4 3 1 2 12 
4 5 1 2 56 
4 6 1 2 6 
4 8 1 2 0 
4 9 1 2 0 
3
5 186
2 71 -1 0 -1875
4 2 1 2 132 
4 3 1 2 159 
4 5 1 2 16 
4 1 1 2 2 
4 8 1 2 1 
3
5 187
2 18 -1 0 -1875
4 2 1 2 12 
4 3 1 2 49 
4 5 1 2 16 
4 1 1 2 1 
3
5 188
5 -1875
2 2 -1 1876 -1
4 7 1 4 1875 
4 12 1 4 0 
4 14 1 2 2 
3
2 49 -1 0 -1876
4 2 1 2 0 
4 3 1 2 4 
4 5 1 2 16 
4 1 1 2 1 
3
5 190
2 101 -1 0 -1876
4 2 1 2 0 
4 3 1 2 0 
4 5 1 2 64 
4 1 1 2 4 
3
5 191
2 91 -1 0 -1876
4 2 1 2 108 
4 3 1 2 153 
4 5 1 2 204 
4 8 1 2 3 
4 9 1 2 0 
4 10 1 2 0 
3
5 192
2 102 -1 0 -1876
4 2 1 2 52 
4 3 1 2 60 
4 5 1 2 0 
4 6 1 2 1 
3
5 193
2 102 -1 0 -1876
4 2 1 2 68 
4 3 1 2 67 
4 5 1 2 0 
4 6 1 2 3 
3
5 194
2 30 -1 0 -1876
4 2 1 2 16 
4 3 1 2 33 
4 5 1 2 164 
4 8 1 2 2 
4 9 1 2 0 
4 10 1 2 0 
3
5 195
2 19 -1 0 -1876
4 2 1 2 80 
4 3 1 2 138 
4 5 1 2 80 
3
5 196
2 102 -1 0 -1876
4 2 1 2 80 
4 3 1 2 67 
4 5 1 2 0 
4 6 1 2 3 
3
5 197
2 39 -1 0 -1876
4 2 1 2 104 
4 3 1 2 31 
4 5 1 2 236 
4 8 1 2 1 
3
5 198
2 19 -1 0 -1876
4 2 1 2 48 
4 3 1 2 131 
4 5 1 2 80 
4 1 1 2 1 
3
5 199
5 -1876
2 2 -1 1877 -1
4 5 1 4 1879 
4 9 1 4 1875 
4 3 1 4 1878 
4 14 1 2 0 
3
2 49 -1 0 -1877
4 2 1 2 0 
4 3 1 2 4 
4 5 1 2 64 
4 1 1 2 1 
3
5 201
2 101 -1 0 -1877
4 2 1 2 0 
4 3 1 2 0 
4 5 1 2 0 
4 1 1 2 4 
3
5 202
2 101 -1 0 -1877
4 2 1 2 0 
4 3 1 2 2 
4 5 1 2 172 
4 1 1 2 7 
3
5 203
2 16 -1 0 -1877
4 2 1 2 12 
4 3 1 2 32 
4 5 1 2 196 
3
5 204
2 83 -1 0 -1877
4 2 1 2 44 
4 3 1 2 32 
4 5 1 2 16 
4 1 1 2 5 
4 6 1 2 8 
4 8 1 2 32 
4 9 1 2 32 
4 10 1 2 32 
4 11 1 2 53 
4 12 1 2 50 
4 13 1 2 57 
4 14 1 2 32 
4 15 1 2 32 
4 16 1 2 32 
4 17 1 2 32 
4 18 1 2 32 
4 19 1 2 32 
4 20 1 2 32 
4 21 1 2 32 
4 22 1 2 32 
4 23 1 2 32 
4 24 1 2 32 
4 25 1 2 32 
4 26 1 2 32 
4 27 1 2 32 
4 28 1 2 32 
4 29 1 2 32 
4 30 1 2 32 
4 31 1 2 32 
4 32 1 2 32 
4 33 1 2 32 
4 34 1 2 32 
4 35 1 2 32 
4 36 1 2 32 
4 37 1 2 32 
4 38 1 2 32 
4 39 1 2 32 
4 40 1 2 32 
4 41 1 2 32 
4 42 1 2 32 
4 43 1 2 32 
4 44 1 2 32 
4 45 1 2 32 
4 46 1 2 32 
4 47 1 2 32 
3
5 205
2 18 -1 0 -1877
4 2 1 2 136 
4 3 1 2 38 
4 5 1 2 8 
4 1 1 2 1 
3
5 206
2 65 -1 0 -1877
4 2 1 2 8 
4 3 1 2 158 
4 5 1 2 16 
4 8 1 2 0 
3
5 207
2 18 -1 0 -1877
4 2 1 2 72 
4 3 1 2 53 
4 5 1 2 188 
4 1 1 2 1 
3
5 208
2 18 -1 0 -1877
4 2 1 2 104 
4 3 1 2 46 
4 5 1 2 16 
4 1 1 2 1 
3
5 209
2 88 -1 0 -1877
4 2 1 2 68 
4 3 1 2 12 
4 5 1 2 56 
4 6 1 2 6 
4 8 1 2 0 
4 9 1 2 0 
3
5 210
2 16 -1 0 -1877
4 2 1 2 16 
4 3 1 2 83 
4 5 1 2 196 
4 6 1 2 10 
3
5 211
2 16 -1 0 -1877
4 2 1 2 20 
4 3 1 2 90 
4 5 1 2 0 
4 6 1 2 4 
3
5 212
2 16 -1 0 -1877
4 2 1 2 24 
4 3 1 2 123 
4 5 1 2 0 
4 6 1 2 9 
3
5 213
5 -1877
2 2 -1 1878 -1
4 7 1 4 1877 
4 12 1 4 0 
4 14 1 2 2 
3
2 49 -1 0 -1878
4 2 1 2 0 
4 3 1 2 4 
4 5 1 2 220 
4 1 1 2 1 
3
5 215
2 101 -1 0 -1878
4 2 1 2 0 
4 3 1 2 0 
4 5 1 2 204 
4 1 1 2 4 
3
5 216
2 29 -1 0 -1878
4 2 1 2 92 
4 3 1 2 152 
4 5 1 2 16 
4 8 1 2 3 
4 9 1 2 0 
4 10 1 2 0 
3
5 217
2 39 -1 0 -1878
4 2 1 2 48 
4 3 1 2 31 
4 5 1 2 56 
4 8 1 2 1 
3
5 218
2 102 -1 0 -1878
4 2 1 2 20 
4 3 1 2 104 
4 5 1 2 8 
4 1 1 2 1 
4 6 1 2 2 
3
5 219
2 30 -1 0 -1878
4 2 1 2 16 
4 3 1 2 33 
4 5 1 2 244 
4 8 1 2 2 
4 9 1 2 0 
4 10 1 2 0 
3
5 220
2 5 -1 0 -1878
4 2 1 2 100 
4 3 1 2 195 
4 5 1 2 0 
4 6 1 2 1 
4 8 1 2 1 
3
5 221
2 45 -1 0 -1878
4 2 1 2 144 
4 3 1 2 147 
4 5 1 2 0 
4 1 1 2 1 
4 8 1 2 3 
4 9 1 2 0 
4 10 1 2 0 
3
5 222
2 102 -1 0 -1878
4 2 1 2 68 
4 3 1 2 63 
4 5 1 2 8 
4 1 1 2 1 
4 6 1 2 1 
3
5 223
2 19 -1 0 -1878
4 2 1 2 96 
4 3 1 2 130 
4 5 1 2 41 
4 1 1 2 1 
3
5 224
2 19 -1 0 -1878
4 2 1 2 44 
4 3 1 2 131 
4 5 1 2 40 
4 1 1 2 1 
3
5 225
5 -1878
2 2 -1 1879 -1
4 5 1 4 1880 
4 9 1 4 1877 
4 14 1 2 0 
3
2 49 -1 0 -1879
4 2 1 2 0 
4 3 1 2 4 
4 5 1 2 64 
3
5 227
2 84 -1 0 -1879
4 2 1 2 0 
4 3 1 2 0 
4 5 1 2 244 
4 1 1 2 4 
3
5 228
2 88 -1 0 -1879
4 2 1 2 68 
4 3 1 2 12 
4 5 1 2 56 
4 8 1 2 0 
4 9 1 2 0 
3
5 229
2 83 -1 0 -1879
4 2 1 2 56 
4 3 1 2 35 
4 5 1 2 16 
4 1 1 2 5 
4 6 1 2 5 
4 8 1 2 79 
4 9 1 2 117 
4 10 1 2 116 
4 11 1 2 97 
4 12 1 2 109 
4 13 1 2 121 
4 14 1 2 87 
4 15 1 2 121 
4 16 1 2 32 
4 17 1 2 32 
4 18 1 2 32 
4 19 1 2 32 
4 20 1 2 32 
4 21 1 2 32 
4 22 1 2 32 
4 23 1 2 32 
4 24 1 2 32 
4 25 1 2 32 
4 26 1 2 32 
4 27 1 2 32 
4 28 1 2 32 
4 29 1 2 32 
4 30 1 2 32 
4 31 1 2 32 
4 32 1 2 32 
4 33 1 2 32 
4 34 1 2 32 
4 35 1 2 32 
4 36 1 2 32 
4 37 1 2 32 
4 38 1 2 32 
4 39 1 2 32 
4 40 1 2 32 
4 41 1 2 32 
4 42 1 2 32 
4 43 1 2 32 
4 44 1 2 32 
4 45 1 2 32 
4 46 1 2 32 
4 47 1 2 32 
3
5 230
2 98 -1 0 -1879
4 2 1 2 112 
4 3 1 2 39 
4 5 1 2 16 
4 1 1 2 8 
3
5 231
2 18 -1 0 -1879
4 2 1 2 32 
4 3 1 2 165 
4 5 1 2 16 
4 1 1 2 2 
4 6 1 2 2 
3
5 232
2 18 -1 0 -1879
4 2 1 2 128 
4 3 1 2 130 
4 5 1 2 16 
4 1 1 2 2 
4 6 1 2 2 
3
5 233
5 -1879
2 2 -1 1880 -1
4 5 1 4 1882 
4 9 1 4 1879 
4 3 1 4 1881 
4 14 1 2 0 
3
2 49 -1 0 -1880
4 2 1 2 0 
4 3 1 2 4 
4 5 1 2 64 
4 1 1 2 1 
3
5 235
2 101 -1 0 -1880
4 2 1 2 0 
4 3 1 2 0 
4 5 1 2 0 
4 1 1 2 4 
3
5 236
2 101 -1 0 -1880
4 2 1 2 0 
4 3 1 2 2 
4 5 1 2 172 
4 1 1 2 7 
3
5 237
2 16 -1 0 -1880
4 2 1 2 24 
4 3 1 2 32 
4 5 1 2 164 
3
5 238
2 18 -1 0 -1880
4 2 1 2 108 
4 3 1 2 57 
4 5 1 2 196 
3
5 239
2 83 -1 0 -1880
4 2 1 2 72 
4 3 1 2 58 
4 5 1 2 16 
4 1 1 2 5 
4 6 1 2 8 
4 8 1 2 32 
4 9 1 2 32 
4 10 1 2 32 
4 11 1 2 54 
4 12 1 2 50 
4 13 1 2 57 
4 14 1 2 32 
4 15 1 2 32 
4 16 1 2 32 
4 17 1 2 32 
4 18 1 2 32 
4 19 1 2 32 
4 20 1 2 32 
4 21 1 2 32 
4 22 1 2 32 
4 23 1 2 32 
4 24 1 2 32 
4 25 1 2 32 
4 26 1 2 32 
4 27 1 2 32 
4 28 1 2 32 
4 29 1 2 32 
4 30 1 2 32 
4 31 1 2 32 
4 32 1 2 32 
4 33 1 2 32 
4 34 1 2 32 
4 35 1 2 32 
4 36 1 2 32 
4 37 1 2 32 
4 38 1 2 32 
4 39 1 2 32 
4 40 1 2 32 
4 41 1 2 32 
4 42 1 2 32 
4 43 1 2 32 
4 44 1 2 32 
4 45 1 2 32 
4 46 1 2 32 
4 47 1 2 32 
3
5 240
2 65 -1 0 -1880
4 2 1 2 20 
4 3 1 2 157 
4 5 1 2 97 
4 8 1 2 0 
3
5 241
2 36 -1 0 -1880
4 2 1 2 64 
4 3 1 2 33 
4 5 1 2 0 
3
5 242
2 36 -1 0 -1880
4 2 1 2 92 
4 3 1 2 33 
4 5 1 2 0 
4 6 1 2 2 
3
5 243
2 71 -1 0 -1880
4 2 1 2 76 
4 3 1 2 39 
4 5 1 2 32 
4 1 1 2 2 
4 8 1 2 1 
3
5 244
2 36 -1 0 -1880
4 2 1 2 108 
4 3 1 2 161 
4 5 1 2 0 
4 6 1 2 2 
3
5 245
2 36 -1 0 -1880
4 2 1 2 132 
4 3 1 2 33 
4 5 1 2 0 
3
5 246
2 88 -1 0 -1880
4 2 1 2 68 
4 3 1 2 12 
4 5 1 2 56 
4 6 1 2 6 
4 8 1 2 0 
4 9 1 2 0 
3
5 247
5 -1880
2 2 -1 1881 -1
4 7 1 4 1880 
4 12 1 4 0 
4 14 1 2 2 
3
2 49 -1 0 -1881
4 2 1 2 0 
4 3 1 2 4 
4 5 1 2 16 
4 1 1 2 1 
3
5 249
2 101 -1 0 -1881
4 2 1 2 0 
4 3 1 2 0 
4 5 1 2 80 
4 1 1 2 4 
3
5 250
2 91 -1 0 -1881
4 2 1 2 56 
4 3 1 2 129 
4 5 1 2 0 
4 8 1 2 3 
4 9 1 2 0 
4 10 1 2 0 
3
5 251
2 21 -1 0 -1881
4 2 1 2 8 
4 3 1 2 32 
4 5 1 2 236 
4 8 1 2 2 
4 9 1 2 0 
4 10 1 2 0 
3
5 252
2 19 -1 0 -1881
4 2 1 2 44 
4 3 1 2 138 
4 5 1 2 204 
3
5 253
2 30 -1 0 -1881
4 2 1 2 120 
4 3 1 2 33 
4 5 1 2 16 
4 8 1 2 2 
4 9 1 2 0 
4 10 1 2 0 
3
5 254
2 39 -1 0 -1881
4 2 1 2 72 
4 3 1 2 31 
4 5 1 2 172 
4 8 1 2 1 
3
5 255
2 19 -1 0 -1881
4 2 1 2 88 
4 3 1 2 138 
4 5 1 2 204 
3
5 256
5 -1881
2 2 -1 1882 -1
4 5 1 4 1884 
4 9 1 4 1880 
4 3 1 4 1883 
4 14 1 2 0 
3
2 49 -1 0 -1882
4 2 1 2 0 
4 3 1 2 4 
4 5 1 2 64 
4 1 1 2 1 
3
5 258
2 101 -1 0 -1882
4 2 1 2 0 
4 3 1 2 0 
4 5 1 2 0 
4 1 1 2 4 
3
5 259
2 101 -1 0 -1882
4 2 1 2 0 
4 3 1 2 2 
4 5 1 2 172 
4 1 1 2 7 
3
5 260
2 16 -1 0 -1882
4 2 1 2 24 
4 3 1 2 32 
4 5 1 2 180 
3
5 261
2 18 -1 0 -1882
4 2 1 2 108 
4 3 1 2 57 
4 5 1 2 188 
3
5 262
2 83 -1 0 -1882
4 2 1 2 72 
4 3 1 2 58 
4 5 1 2 16 
4 1 1 2 5 
4 6 1 2 8 
4 8 1 2 32 
4 9 1 2 32 
4 10 1 2 32 
4 11 1 2 55 
4 12 1 2 50 
4 13 1 2 57 
4 14 1 2 32 
4 15 1 2 32 
4 16 1 2 32 
4 17 1 2 32 
4 18 1 2 32 
4 19 1 2 32 
4 20 1 2 32 
4 21 1 2 32 
4 22 1 2 32 
4 23 1 2 32 
4 24 1 2 32 
4 25 1 2 32 
4 26 1 2 32 
4 27 1 2 32 
4 28 1 2 32 
4 29 1 2 32 
4 30 1 2 32 
4 31 1 2 32 
4 32 1 2 32 
4 33 1 2 32 
4 34 1 2 32 
4 35 1 2 32 
4 36 1 2 32 
4 37 1 2 32 
4 38 1 2 32 
4 39 1 2 32 
4 40 1 2 32 
4 41 1 2 32 
4 42 1 2 32 
4 43 1 2 32 
4 44 1 2 32 
4 45 1 2 32 
4 46 1 2 32 
4 47 1 2 32 
3
5 263
2 65 -1 0 -1882
4 2 1 2 20 
4 3 1 2 157 
4 5 1 2 97 
4 8 1 2 0 
3
5 264
2 36 -1 0 -1882
4 2 1 2 64 
4 3 1 2 33 
4 5 1 2 0 
3
5 265
2 36 -1 0 -1882
4 2 1 2 92 
4 3 1 2 33 
4 5 1 2 0 
4 6 1 2 2 
3
5 266
2 71 -1 0 -1882
4 2 1 2 76 
4 3 1 2 39 
4 5 1 2 32 
4 1 1 2 2 
4 8 1 2 1 
3
5 267
2 36 -1 0 -1882
4 2 1 2 108 
4 3 1 2 161 
4 5 1 2 0 
4 6 1 2 2 
3
5 268
2 36 -1 0 -1882
4 2 1 2 132 
4 3 1 2 33 
4 5 1 2 0 
3
5 269
2 88 -1 0 -1882
4 2 1 2 68 
4 3 1 2 12 
4 5 1 2 56 
4 6 1 2 6 
4 8 1 2 0 
4 9 1 2 0 
3
5 270
5 -1882
2 2 -1 1883 -1
4 7 1 4 1882 
4 12 1 4 0 
4 14 1 2 2 
3
2 49 -1 0 -1883
4 2 1 2 0 
4 3 1 2 4 
4 5 1 2 16 
4 1 1 2 1 
3
5 272
2 101 -1 0 -1883
4 2 1 2 0 
4 3 1 2 0 
4 5 1 2 80 
4 1 1 2 4 
3
5 273
2 91 -1 0 -1883
4 2 1 2 48 
4 3 1 2 129 
4 5 1 2 188 
4 8 1 2 3 
4 9 1 2 0 
4 10 1 2 0 
3
5 274
2 21 -1 0 -1883
4 2 1 2 20 
4 3 1 2 32 
4 5 1 2 204 
4 8 1 2 2 
4 9 1 2 0 
4 10 1 2 0 
3
5 275
2 25 -1 0 -1883
4 2 1 2 88 
4 3 1 2 138 
4 5 1 2 228 
3
5 276
2 30 -1 0 -1883
4 2 1 2 120 
4 3 1 2 33 
4 5 1 2 16 
4 8 1 2 2 
4 9 1 2 0 
4 10 1 2 0 
3
5 277
2 39 -1 0 -1883
4 2 1 2 72 
4 3 1 2 31 
4 5 1 2 188 
4 8 1 2 1 
3
5 278
5 -1883
2 2 -1 1884 -1
4 5 1 4 1886 
4 9 1 4 1882 
4 3 1 4 1885 
4 14 1 2 0 
3
2 49 -1 0 -1884
4 2 1 2 0 
4 3 1 2 4 
4 5 1 2 64 
4 1 1 2 1 
3
5 280
2 101 -1 0 -1884
4 2 1 2 0 
4 3 1 2 0 
4 5 1 2 0 
4 1 1 2 4 
3
5 281
2 101 -1 0 -1884
4 2 1 2 0 
4 3 1 2 2 
4 5 1 2 172 
4 1 1 2 7 
3
5 282
2 16 -1 0 -1884
4 2 1 2 40 
4 3 1 2 32 
4 5 1 2 56 
3
5 283
2 18 -1 0 -1884
4 2 1 2 108 
4 3 1 2 57 
4 5 1 2 236 
3
5 284
2 83 -1 0 -1884
4 2 1 2 72 
4 3 1 2 32 
4 5 1 2 16 
4 1 1 2 5 
4 6 1 2 8 
4 8 1 2 32 
4 9 1 2 32 
4 10 1 2 32 
4 11 1 2 56 
4 12 1 2 50 
4 13 1 2 57 
4 14 1 2 32 
4 15 1 2 32 
4 16 1 2 32 
4 17 1 2 32 
4 18 1 2 32 
4 19 1 2 32 
4 20 1 2 32 
4 21 1 2 32 
4 22 1 2 32 
4 23 1 2 32 
4 24 1 2 32 
4 25 1 2 32 
4 26 1 2 32 
4 27 1 2 32 
4 28 1 2 32 
4 29 1 2 32 
4 30 1 2 32 
4 31 1 2 32 
4 32 1 2 32 
4 33 1 2 32 
4 34 1 2 32 
4 35 1 2 32 
4 36 1 2 32 
4 37 1 2 32 
4 38 1 2 32 
4 39 1 2 32 
4 40 1 2 32 
4 41 1 2 32 
4 42 1 2 32 
4 43 1 2 32 
4 44 1 2 32 
4 45 1 2 32 
4 46 1 2 32 
4 47 1 2 32 
3
5 285
2 65 -1 0 -1884
4 2 1 2 20 
4 3 1 2 156 
4 5 1 2 17 
4 8 1 2 0 
3
5 286
2 88 -1 0 -1884
4 2 1 2 68 
4 3 1 2 12 
4 5 1 2 56 
4 6 1 2 6 
4 8 1 2 0 
4 9 1 2 0 
3
5 287
2 71 -1 0 -1884
4 2 1 2 28 
4 3 1 2 31 
4 5 1 2 32 
4 1 1 2 2 
4 8 1 2 1 
3
5 288
2 36 -1 0 -1884
4 2 1 2 132 
4 3 1 2 33 
4 5 1 2 0 
3
5 289
5 -1884
2 2 -1 1885 -1
4 7 1 4 1884 
4 12 1 4 0 
4 14 1 2 2 
3
2 49 -1 0 -1885
4 2 1 2 0 
4 3 1 2 4 
4 5 1 2 16 
4 1 1 2 1 
3
5 291
2 101 -1 0 -1885
4 2 1 2 0 
4 3 1 2 0 
4 5 1 2 88 
4 1 1 2 4 
3
5 292
2 91 -1 0 -1885
4 2 1 2 80 
4 3 1 2 129 
4 5 1 2 0 
4 8 1 2 3 
4 9 1 2 0 
4 10 1 2 0 
3
5 293
2 21 -1 0 -1885
4 2 1 2 128 
4 3 1 2 138 
4 5 1 2 244 
4 1 1 2 2 
4 8 1 2 2 
4 9 1 2 0 
4 10 1 2 0 
3
5 294
2 19 -1 0 -1885
4 2 1 2 32 
4 3 1 2 138 
4 5 1 2 220 
4 1 1 2 5 
3
5 295
2 30 -1 0 -1885
4 2 1 2 4 
4 3 1 2 33 
4 5 1 2 236 
4 8 1 2 2 
4 9 1 2 0 
4 10 1 2 0 
3
5 296
2 39 -1 0 -1885
4 2 1 2 60 
4 3 1 2 31 
4 5 1 2 16 
4 8 1 2 1 
3
5 297
5 -1885
2 2 -1 1886 -1
4 5 1 4 1888 
4 9 1 4 1884 
4 3 1 4 1887 
4 14 1 2 0 
3
2 49 -1 0 -1886
4 2 1 2 0 
4 3 1 2 4 
4 5 1 2 64 
4 1 1 2 1 
3
5 299
2 101 -1 0 -1886
4 2 1 2 0 
4 3 1 2 0 
4 5 1 2 0 
4 1 1 2 4 
3
5 300
2 101 -1 0 -1886
4 2 1 2 0 
4 3 1 2 2 
4 5 1 2 172 
4 1 1 2 7 
3
5 301
2 16 -1 0 -1886
4 2 1 2 80 
4 3 1 2 32 
4 5 1 2 245 
3
5 302
2 18 -1 0 -1886
4 2 1 2 136 
4 3 1 2 56 
4 5 1 2 172 
3
5 303
2 83 -1 0 -1886
4 2 1 2 72 
4 3 1 2 32 
4 5 1 2 16 
4 1 1 2 5 
4 6 1 2 8 
4 8 1 2 32 
4 9 1 2 32 
4 10 1 2 32 
4 11 1 2 57 
4 12 1 2 50 
4 13 1 2 57 
4 14 1 2 32 
4 15 1 2 32 
4 16 1 2 32 
4 17 1 2 32 
4 18 1 2 32 
4 19 1 2 32 
4 20 1 2 32 
4 21 1 2 32 
4 22 1 2 32 
4 23 1 2 32 
4 24 1 2 32 
4 25 1 2 32 
4 26 1 2 32 
4 27 1 2 32 
4 28 1 2 32 
4 29 1 2 32 
4 30 1 2 32 
4 31 1 2 32 
4 32 1 2 32 
4 33 1 2 32 
4 34 1 2 32 
4 35 1 2 32 
4 36 1 2 32 
4 37 1 2 32 
4 38 1 2 32 
4 39 1 2 32 
4 40 1 2 32 
4 41 1 2 32 
4 42 1 2 32 
4 43 1 2 32 
4 44 1 2 32 
4 45 1 2 32 
4 46 1 2 32 
4 47 1 2 32 
3
5 304
2 65 -1 0 -1886
4 2 1 2 76 
4 3 1 2 159 
4 5 1 2 1 
4 8 1 2 0 
3
5 305
2 88 -1 0 -1886
4 2 1 2 68 
4 3 1 2 12 
4 5 1 2 56 
4 6 1 2 6 
4 8 1 2 0 
4 9 1 2 0 
3
5 306
2 71 -1 0 -1886
4 2 1 2 132 
4 3 1 2 159 
4 5 1 2 16 
4 1 1 2 2 
4 8 1 2 1 
3
5 307
2 18 -1 0 -1886
4 2 1 2 12 
4 3 1 2 49 
4 5 1 2 252 
4 1 1 2 1 
3
5 308
5 -1886
2 2 -1 1887 -1
4 7 1 4 1886 
4 12 1 4 0 
4 14 1 2 2 
3
2 49 -1 0 -1887
4 2 1 2 0 
4 3 1 2 4 
4 5 1 2 0 
4 1 1 2 1 
3
5 310
2 101 -1 0 -1887
4 2 1 2 0 
4 3 1 2 0 
4 5 1 2 80 
4 1 1 2 4 
3
5 311
2 91 -1 0 -1887
4 2 1 2 20 
4 3 1 2 131 
4 5 1 2 212 
4 8 1 2 3 
4 9 1 2 0 
4 10 1 2 0 
3
5 312
2 21 -1 0 -1887
4 2 1 2 116 
4 3 1 2 32 
4 5 1 2 204 
4 8 1 2 2 
4 9 1 2 0 
4 10 1 2 0 
3
5 313
2 25 -1 0 -1887
4 2 1 2 56 
4 3 1 2 138 
4 5 1 2 228 
3
5 314
2 30 -1 0 -1887
4 2 1 2 28 
4 3 1 2 33 
4 5 1 2 148 
4 8 1 2 2 
4 9 1 2 0 
4 10 1 2 0 
3
5 315
2 39 -1 0 -1887
4 2 1 2 8 
4 3 1 2 31 
4 5 1 2 0 
4 8 1 2 1 
3
5 316
5 -1887
2 2 -1 1888 -1
4 5 1 4 1868 
4 9 1 4 1886 
4 3 1 4 1889 
4 14 1 2 0 
3
2 49 -1 0 -1888
4 2 1 2 0 
4 3 1 2 4 
4 5 1 2 64 
4 1 1 2 1 
3
5 318
2 101 -1 0 -1888
4 2 1 2 0 
4 3 1 2 0 
4 5 1 2 0 
4 1 1 2 4 
3
5 319
2 101 -1 0 -1888
4 2 1 2 0 
4 3 1 2 2 
4 5 1 2 228 
4 1 1 2 7 
3
5 320
2 16 -1 0 -1888
4 2 1 2 32 
4 3 1 2 32 
4 5 1 2 244 
3
5 321
2 18 -1 0 -1888
4 2 1 2 108 
4 3 1 2 57 
4 5 1 2 220 
3
5 322
2 83 -1 0 -1888
4 2 1 2 72 
4 3 1 2 57 
4 5 1 2 16 
4 1 1 2 5 
4 6 1 2 8 
4 8 1 2 32 
4 9 1 2 32 
4 10 1 2 49 
4 11 1 2 48 
4 12 1 2 50 
4 13 1 2 57 
4 14 1 2 32 
4 15 1 2 32 
4 16 1 2 32 
4 17 1 2 32 
4 18 1 2 32 
4 19 1 2 32 
4 20 1 2 32 
4 21 1 2 32 
4 22 1 2 32 
4 23 1 2 32 
4 24 1 2 32 
4 25 1 2 32 
4 26 1 2 32 
4 27 1 2 32 
4 28 1 2 32 
4 29 1 2 32 
4 30 1 2 32 
4 31 1 2 32 
4 32 1 2 32 
4 33 1 2 32 
4 34 1 2 32 
4 35 1 2 32 
4 36 1 2 32 
4 37 1 2 32 
4 38 1 2 32 
4 39 1 2 32 
4 40 1 2 32 
4 41 1 2 32 
4 42 1 2 32 
4 43 1 2 32 
4 44 1 2 32 
4 45 1 2 32 
4 46 1 2 32 
4 47 1 2 32 
3
5 323
2 65 -1 0 -1888
4 2 1 2 32 
4 3 1 2 158 
4 5 1 2 1 
4 8 1 2 0 
3
5 324
2 36 -1 0 -1888
4 2 1 2 64 
4 3 1 2 33 
4 5 1 2 0 
3
5 325
2 36 -1 0 -1888
4 2 1 2 92 
4 3 1 2 33 
4 5 1 2 0 
4 6 1 2 2 
3
5 326
2 88 -1 0 -1888
4 2 1 2 68 
4 3 1 2 12 
4 5 1 2 56 
4 6 1 2 6 
4 8 1 2 0 
4 9 1 2 0 
3
5 327
2 36 -1 0 -1888
4 2 1 2 108 
4 3 1 2 161 
4 5 1 2 0 
4 6 1 2 2 
3
5 328
2 36 -1 0 -1888
4 2 1 2 132 
4 3 1 2 33 
4 5 1 2 0 
3
5 329
2 18 -1 0 -1888
4 2 1 2 4 
4 3 1 2 49 
4 5 1 2 228 
4 1 1 2 1 
3
5 330
5 -1888
2 2 -1 1889 -1
4 7 1 4 1888 
4 12 1 4 0 
4 14 1 2 2 
3
2 49 -1 0 -1889
4 2 1 2 0 
4 3 1 2 4 
4 5 1 2 0 
4 1 1 2 1 
3
5 332
2 101 -1 0 -1889
4 2 1 2 0 
4 3 1 2 0 
4 5 1 2 72 
4 1 1 2 4 
3
5 333
2 91 -1 0 -1889
4 2 1 2 48 
4 3 1 2 153 
4 5 1 2 204 
4 8 1 2 3 
4 9 1 2 0 
4 10 1 2 0 
3
5 334
2 21 -1 0 -1889
4 2 1 2 112 
4 3 1 2 32 
4 5 1 2 196 
4 8 1 2 2 
4 9 1 2 0 
4 10 1 2 0 
3
5 335
2 39 -1 0 -1889
4 2 1 2 140 
4 3 1 2 135 
4 5 1 2 48 
4 8 1 2 1 
3
5 336
2 30 -1 0 -1889
4 2 1 2 8 
4 3 1 2 33 
4 5 1 2 156 
4 8 1 2 2 
4 9 1 2 0 
4 10 1 2 0 
3
5 337
2 9 -1 0 -1889
4 2 1 2 84 
4 3 1 2 131 
4 5 1 2 244 
3
5 338
5 -1889
2 2 -1 1890 -1
4 5 1 4 1869 
4 14 1 2 0 
3
2 49 -1 0 -1890
4 2 1 2 0 
4 3 1 2 4 
4 5 1 2 64 
4 1 1 2 1 
3
5 340
2 101 -1 0 -1890
4 2 1 2 0 
4 3 1 2 0 
4 5 1 2 0 
4 1 1 2 4 
3
5 341
2 101 -1 0 -1890
4 2 1 2 0 
4 3 1 2 2 
4 5 1 2 64 
4 1 1 2 7 
3
5 342
2 71 -1 0 -1890
4 2 1 2 88 
4 3 1 2 156 
4 5 1 2 236 
4 1 1 2 2 
4 8 1 2 1 
3
5 343
2 93 -1 0 -1890
4 2 1 2 36 
4 3 1 2 136 
4 5 1 2 204 
4 8 1 2 0 
3
5 344
2 71 -1 0 -1890
4 2 1 2 108 
4 3 1 2 39 
4 5 1 2 236 
4 1 1 2 2 
4 8 1 2 1 
3
5 345
2 88 -1 0 -1890
4 2 1 2 68 
4 3 1 2 12 
4 5 1 2 56 
4 6 1 2 4 
4 8 1 2 0 
4 9 1 2 0 
3
5 346
2 71 -1 0 -1890
4 2 1 2 72 
4 3 1 2 134 
4 5 1 2 188 
4 1 1 2 2 
4 8 1 2 1 
3
5 347
5 -1890
2 2 -1 1891 -1
4 9 1 4 1911 
4 14 1 2 0 
3
2 49 -1 0 -1891
4 2 1 2 0 
4 3 1 2 4 
4 5 1 2 56 
4 1 1 2 1 
3
5 349
2 101 -1 0 -1891
4 2 1 2 0 
4 3 1 2 0 
4 5 1 2 0 
4 1 1 2 4 
3
5 350
2 101 -1 0 -1891
4 2 1 2 0 
4 3 1 2 2 
4 5 1 2 172 
4 1 1 2 7 
3
5 351
2 18 -1 0 -1891
4 2 1 2 48 
4 3 1 2 47 
4 5 1 2 16 
3
5 352
2 18 -1 0 -1891
4 2 1 2 4 
4 3 1 2 57 
4 5 1 2 212 
3
5 353
2 93 -1 0 -1891
4 2 1 2 120 
4 3 1 2 133 
4 5 1 2 0 
4 8 1 2 0 
3
5 354
2 6 -1 0 -1891
4 2 1 2 76 
4 3 1 2 155 
4 5 1 2 0 
3
5 355
2 88 -1 0 -1891
4 2 1 2 68 
4 3 1 2 7 
4 5 1 2 252 
4 6 1 2 3 
4 8 1 2 0 
4 9 1 2 0 
3
5 356
5 -1891
2 2 -1 1892 -1
4 5 1 4 1894 
4 9 1 4 1913 
4 3 1 4 1893 
4 14 1 2 0 
3
2 49 -1 0 -1892
4 2 1 2 0 
4 3 1 2 4 
4 5 1 2 56 
4 1 1 2 1 
3
5 358
2 101 -1 0 -1892
4 2 1 2 0 
4 3 1 2 0 
4 5 1 2 0 
4 1 1 2 4 
3
5 359
2 101 -1 0 -1892
4 2 1 2 0 
4 3 1 2 2 
4 5 1 2 172 
4 1 1 2 7 
3
5 360
2 16 -1 0 -1892
4 2 1 2 16 
4 3 1 2 32 
4 5 1 2 157 
3
5 361
2 18 -1 0 -1892
4 2 1 2 112 
4 3 1 2 57 
4 5 1 2 212 
3
5 362
2 83 -1 0 -1892
4 2 1 2 72 
4 3 1 2 57 
4 5 1 2 16 
4 1 1 2 5 
4 6 1 2 8 
4 8 1 2 32 
4 9 1 2 32 
4 10 1 2 32 
4 11 1 2 49 
4 12 1 2 51 
4 13 1 2 48 
4 14 1 2 32 
4 15 1 2 32 
4 16 1 2 32 
4 17 1 2 32 
4 18 1 2 32 
4 19 1 2 32 
4 20 1 2 32 
4 21 1 2 32 
4 22 1 2 32 
4 23 1 2 32 
4 24 1 2 32 
4 25 1 2 32 
4 26 1 2 32 
4 27 1 2 32 
4 28 1 2 32 
4 29 1 2 32 
4 30 1 2 32 
4 31 1 2 32 
4 32 1 2 32 
4 33 1 2 32 
4 34 1 2 32 
4 35 1 2 32 
4 36 1 2 32 
4 37 1 2 32 
4 38 1 2 32 
4 39 1 2 32 
4 40 1 2 32 
4 41 1 2 32 
4 42 1 2 32 
4 43 1 2 32 
4 44 1 2 32 
4 45 1 2 32 
4 46 1 2 32 
4 47 1 2 32 
3
5 363
2 65 -1 0 -1892
4 2 1 2 108 
4 3 1 2 149 
4 5 1 2 16 
4 8 1 2 0 
3
5 364
2 36 -1 0 -1892
4 2 1 2 64 
4 3 1 2 33 
4 5 1 2 0 
3
5 365
2 36 -1 0 -1892
4 2 1 2 92 
4 3 1 2 33 
4 5 1 2 0 
4 6 1 2 2 
3
5 366
2 71 -1 0 -1892
4 2 1 2 12 
4 3 1 2 48 
4 5 1 2 48 
4 1 1 2 2 
4 8 1 2 1 
3
5 367
2 36 -1 0 -1892
4 2 1 2 108 
4 3 1 2 161 
4 5 1 2 0 
4 6 1 2 2 
3
5 368
2 36 -1 0 -1892
4 2 1 2 132 
4 3 1 2 33 
4 5 1 2 0 
3
5 369
2 88 -1 0 -1892
4 2 1 2 68 
4 3 1 2 7 
4 5 1 2 252 
4 6 1 2 6 
4 8 1 2 0 
4 9 1 2 0 
3
5 370
5 -1892
2 2 -1 1893 -1
4 7 1 4 1892 
4 12 1 4 0 
4 14 1 2 2 
3
2 49 -1 0 -1893
4 2 1 2 0 
4 3 1 2 4 
4 5 1 2 16 
4 1 1 2 1 
3
5 372
2 101 -1 0 -1893
4 2 1 2 0 
4 3 1 2 0 
4 5 1 2 64 
4 1 1 2 4 
3
5 373
2 91 -1 0 -1893
4 2 1 2 108 
4 3 1 2 153 
4 5 1 2 204 
4 8 1 2 3 
4 9 1 2 0 
4 10 1 2 0 
3
5 374
2 102 -1 0 -1893
4 2 1 2 52 
4 3 1 2 60 
4 5 1 2 0 
4 6 1 2 1 
3
5 375
2 102 -1 0 -1893
4 2 1 2 68 
4 3 1 2 67 
4 5 1 2 0 
4 6 1 2 3 
3
5 376
2 30 -1 0 -1893
4 2 1 2 16 
4 3 1 2 33 
4 5 1 2 164 
4 8 1 2 2 
4 9 1 2 0 
4 10 1 2 0 
3
5 377
2 19 -1 0 -1893
4 2 1 2 80 
4 3 1 2 138 
4 5 1 2 80 
3
5 378
2 102 -1 0 -1893
4 2 1 2 80 
4 3 1 2 67 
4 5 1 2 0 
4 6 1 2 3 
3
5 379
2 39 -1 0 -1893
4 2 1 2 104 
4 3 1 2 31 
4 5 1 2 236 
4 8 1 2 1 
3
5 380
2 19 -1 0 -1893
4 2 1 2 48 
4 3 1 2 131 
4 5 1 2 80 
4 1 1 2 1 
3
5 381
5 -1893
2 2 -1 1894 -1
4 5 1 4 1896 
4 9 1 4 1892 
4 3 1 4 1895 
4 14 1 2 0 
3
2 49 -1 0 -1894
4 2 1 2 0 
4 3 1 2 4 
4 5 1 2 56 
4 1 1 2 1 
3
5 383
2 101 -1 0 -1894
4 2 1 2 0 
4 3 1 2 0 
4 5 1 2 0 
4 1 1 2 4 
3
5 384
2 101 -1 0 -1894
4 2 1 2 0 
4 3 1 2 2 
4 5 1 2 172 
4 1 1 2 7 
3
5 385
2 16 -1 0 -1894
4 2 1 2 40 
4 3 1 2 32 
4 5 1 2 32 
3
5 386
2 18 -1 0 -1894
4 2 1 2 76 
4 3 1 2 57 
4 5 1 2 204 
3
5 387
2 83 -1 0 -1894
4 2 1 2 72 
4 3 1 2 32 
4 5 1 2 16 
4 1 1 2 5 
4 6 1 2 8 
4 8 1 2 32 
4 9 1 2 32 
4 10 1 2 32 
4 11 1 2 50 
4 12 1 2 51 
4 13 1 2 48 
4 14 1 2 32 
4 15 1 2 32 
4 16 1 2 32 
4 17 1 2 32 
4 18 1 2 32 
4 19 1 2 32 
4 20 1 2 32 
4 21 1 2 32 
4 22 1 2 32 
4 23 1 2 32 
4 24 1 2 32 
4 25 1 2 32 
4 26 1 2 32 
4 27 1 2 32 
4 28 1 2 32 
4 29 1 2 32 
4 30 1 2 32 
4 31 1 2 32 
4 32 1 2 32 
4 33 1 2 32 
4 34 1 2 32 
4 35 1 2 32 
4 36 1 2 32 
4 37 1 2 32 
4 38 1 2 32 
4 39 1 2 32 
4 40 1 2 32 
4 41 1 2 32 
4 42 1 2 32 
4 43 1 2 32 
4 44 1 2 32 
4 45 1 2 32 
4 46 1 2 32 
4 47 1 2 32 
3
5 388
2 65 -1 0 -1894
4 2 1 2 20 
4 3 1 2 156 
4 5 1 2 17 
4 8 1 2 0 
3
5 389
2 88 -1 0 -1894
4 2 1 2 68 
4 3 1 2 7 
4 5 1 2 252 
4 6 1 2 6 
4 8 1 2 0 
4 9 1 2 0 
3
5 390
2 16 -1 0 -1894
4 2 1 2 76 
4 3 1 2 56 
4 5 1 2 32 
4 6 1 2 2 
3
5 391
2 71 -1 0 -1894
4 2 1 2 28 
4 3 1 2 31 
4 5 1 2 32 
4 1 1 2 2 
4 8 1 2 1 
3
5 392
2 36 -1 0 -1894
4 2 1 2 132 
4 3 1 2 33 
4 5 1 2 0 
3
5 393
5 -1894
2 2 -1 1895 -1
4 7 1 4 1894 
4 12 1 4 0 
4 14 1 2 2 
3
2 49 -1 0 -1895
4 2 1 2 0 
4 3 1 2 4 
4 5 1 2 16 
4 1 1 2 1 
3
5 395
2 101 -1 0 -1895
4 2 1 2 0 
4 3 1 2 0 
4 5 1 2 24 
4 1 1 2 4 
3
5 396
2 29 -1 0 -1895
4 2 1 2 96 
4 3 1 2 156 
4 5 1 2 164 
4 8 1 2 3 
4 9 1 2 0 
4 10 1 2 0 
3
5 397
2 102 -1 0 -1895
4 2 1 2 52 
4 3 1 2 60 
4 5 1 2 0 
3
5 398
2 102 -1 0 -1895
4 2 1 2 68 
4 3 1 2 67 
4 5 1 2 0 
4 6 1 2 2 
3
5 399
2 30 -1 0 -1895
4 2 1 2 16 
4 3 1 2 33 
4 5 1 2 148 
4 8 1 2 2 
4 9 1 2 0 
4 10 1 2 0 
3
5 400
2 39 -1 0 -1895
4 2 1 2 60 
4 3 1 2 130 
4 5 1 2 188 
4 8 1 2 1 
3
5 401
2 19 -1 0 -1895
4 2 1 2 96 
4 3 1 2 130 
4 5 1 2 57 
4 1 1 2 1 
3
5 402
2 19 -1 0 -1895
4 2 1 2 48 
4 3 1 2 131 
4 5 1 2 56 
4 1 1 2 1 
3
5 403
5 -1895
2 2 -1 1896 -1
4 5 1 4 1898 
4 9 1 4 1894 
4 3 1 4 1897 
4 14 1 2 0 
3
2 49 -1 0 -1896
4 2 1 2 0 
4 3 1 2 4 
4 5 1 2 56 
4 1 1 2 1 
3
5 405
2 101 -1 0 -1896
4 2 1 2 0 
4 3 1 2 0 
4 5 1 2 0 
4 1 1 2 4 
3
5 406
2 101 -1 0 -1896
4 2 1 2 0 
4 3 1 2 2 
4 5 1 2 172 
4 1 1 2 7 
3
5 407
2 16 -1 0 -1896
4 2 1 2 16 
4 3 1 2 32 
4 5 1 2 149 
3
5 408
2 18 -1 0 -1896
4 2 1 2 112 
4 3 1 2 57 
4 5 1 2 164 
3
5 409
2 83 -1 0 -1896
4 2 1 2 72 
4 3 1 2 58 
4 5 1 2 16 
4 1 1 2 5 
4 6 1 2 8 
4 8 1 2 32 
4 9 1 2 32 
4 10 1 2 32 
4 11 1 2 51 
4 12 1 2 51 
4 13 1 2 48 
4 14 1 2 32 
4 15 1 2 32 
4 16 1 2 32 
4 17 1 2 32 
4 18 1 2 32 
4 19 1 2 32 
4 20 1 2 32 
4 21 1 2 32 
4 22 1 2 32 
4 23 1 2 32 
4 24 1 2 32 
4 25 1 2 32 
4 26 1 2 32 
4 27 1 2 32 
4 28 1 2 32 
4 29 1 2 32 
4 30 1 2 32 
4 31 1 2 32 
4 32 1 2 32 
4 33 1 2 32 
4 34 1 2 32 
4 35 1 2 32 
4 36 1 2 32 
4 37 1 2 32 
4 38 1 2 32 
4 39 1 2 32 
4 40 1 2 32 
4 41 1 2 32 
4 42 1 2 32 
4 43 1 2 32 
4 44 1 2 32 
4 45 1 2 32 
4 46 1 2 32 
4 47 1 2 32 
3
5 410
2 65 -1 0 -1896
4 2 1 2 24 
4 3 1 2 153 
4 5 1 2 16 
4 8 1 2 0 
3
5 411
2 36 -1 0 -1896
4 2 1 2 64 
4 3 1 2 33 
4 5 1 2 0 
3
5 412
2 36 -1 0 -1896
4 2 1 2 92 
4 3 1 2 33 
4 5 1 2 0 
4 6 1 2 2 
3
5 413
2 88 -1 0 -1896
4 2 1 2 68 
4 3 1 2 7 
4 5 1 2 252 
4 6 1 2 6 
4 8 1 2 0 
4 9 1 2 0 
3
5 414
2 36 -1 0 -1896
4 2 1 2 108 
4 3 1 2 161 
4 5 1 2 0 
4 6 1 2 2 
3
5 415
2 36 -1 0 -1896
4 2 1 2 132 
4 3 1 2 33 
4 5 1 2 0 
3
5 416
5 -1896
2 2 -1 1897 -1
4 7 1 4 1896 
4 12 1 4 0 
4 14 1 2 2 
3
2 49 -1 0 -1897
4 2 1 2 0 
4 3 1 2 4 
4 5 1 2 16 
4 1 1 2 1 
3
5 418
2 101 -1 0 -1897
4 2 1 2 0 
4 3 1 2 0 
4 5 1 2 80 
4 1 1 2 4 
3
5 419
2 91 -1 0 -1897
4 2 1 2 48 
4 3 1 2 129 
4 5 1 2 188 
4 8 1 2 3 
4 9 1 2 0 
4 10 1 2 0 
3
5 420
2 21 -1 0 -1897
4 2 1 2 20 
4 3 1 2 32 
4 5 1 2 204 
4 8 1 2 2 
4 9 1 2 0 
4 10 1 2 0 
3
5 421
2 25 -1 0 -1897
4 2 1 2 88 
4 3 1 2 138 
4 5 1 2 228 
3
5 422
2 30 -1 0 -1897
4 2 1 2 120 
4 3 1 2 33 
4 5 1 2 16 
4 8 1 2 2 
4 9 1 2 0 
4 10 1 2 0 
3
5 423
2 39 -1 0 -1897
4 2 1 2 72 
4 3 1 2 31 
4 5 1 2 188 
4 8 1 2 1 
3
5 424
5 -1897
2 2 -1 1898 -1
4 5 1 4 1900 
4 9 1 4 1896 
4 3 1 4 1899 
4 14 1 2 0 
3
2 49 -1 0 -1898
4 2 1 2 0 
4 3 1 2 4 
4 5 1 2 56 
4 1 1 2 1 
3
5 426
2 101 -1 0 -1898
4 2 1 2 0 
4 3 1 2 0 
4 5 1 2 16 
4 1 1 2 4 
3
5 427
2 101 -1 0 -1898
4 2 1 2 0 
4 3 1 2 2 
4 5 1 2 172 
4 1 1 2 7 
3
5 428
2 16 -1 0 -1898
4 2 1 2 0 
4 3 1 2 32 
4 5 1 2 188 
3
5 429
2 98 -1 0 -1898
4 2 1 2 60 
4 3 1 2 36 
4 5 1 2 172 
3
5 430
2 18 -1 0 -1898
4 2 1 2 132 
4 3 1 2 50 
4 5 1 2 204 
4 1 1 2 1 
3
5 431
2 65 -1 0 -1898
4 2 1 2 100 
4 3 1 2 156 
4 5 1 2 16 
4 8 1 2 0 
3
5 432
2 83 -1 0 -1898
4 2 1 2 32 
4 3 1 2 32 
4 5 1 2 16 
4 1 1 2 5 
4 6 1 2 8 
4 8 1 2 32 
4 9 1 2 32 
4 10 1 2 32 
4 11 1 2 52 
4 12 1 2 51 
4 13 1 2 48 
4 14 1 2 32 
4 15 1 2 32 
4 16 1 2 32 
4 17 1 2 32 
4 18 1 2 32 
4 19 1 2 32 
4 20 1 2 32 
4 21 1 2 32 
4 22 1 2 32 
4 23 1 2 32 
4 24 1 2 32 
4 25 1 2 32 
4 26 1 2 32 
4 27 1 2 32 
4 28 1 2 32 
4 29 1 2 32 
4 30 1 2 32 
4 31 1 2 32 
4 32 1 2 32 
4 33 1 2 32 
4 34 1 2 32 
4 35 1 2 32 
4 36 1 2 32 
4 37 1 2 32 
4 38 1 2 32 
4 39 1 2 32 
4 40 1 2 32 
4 41 1 2 32 
4 42 1 2 32 
4 43 1 2 32 
4 44 1 2 32 
4 45 1 2 32 
4 46 1 2 32 
4 47 1 2 32 
3
5 433
2 88 -1 0 -1898
4 2 1 2 68 
4 3 1 2 7 
4 5 1 2 252 
4 6 1 2 6 
4 8 1 2 0 
4 9 1 2 0 
3
5 434
5 -1898
2 2 -1 1899 -1
4 7 1 4 1898 
4 12 1 4 0 
4 14 1 2 2 
3
2 49 -1 0 -1899
4 2 1 2 0 
4 3 1 2 4 
4 5 1 2 16 
4 1 1 2 1 
3
5 436
2 101 -1 0 -1899
4 2 1 2 0 
4 3 1 2 0 
4 5 1 2 24 
4 1 1 2 4 
3
5 437
2 29 -1 0 -1899
4 2 1 2 96 
4 3 1 2 156 
4 5 1 2 164 
4 8 1 2 3 
4 9 1 2 0 
4 10 1 2 0 
3
5 438
2 102 -1 0 -1899
4 2 1 2 52 
4 3 1 2 60 
4 5 1 2 0 
3
5 439
2 102 -1 0 -1899
4 2 1 2 68 
4 3 1 2 67 
4 5 1 2 0 
4 6 1 2 2 
3
5 440
2 30 -1 0 -1899
4 2 1 2 16 
4 3 1 2 33 
4 5 1 2 148 
4 8 1 2 2 
4 9 1 2 0 
4 10 1 2 0 
3
5 441
2 39 -1 0 -1899
4 2 1 2 60 
4 3 1 2 130 
4 5 1 2 188 
4 8 1 2 1 
3
5 442
2 19 -1 0 -1899
4 2 1 2 96 
4 3 1 2 130 
4 5 1 2 57 
4 1 1 2 1 
3
5 443
2 19 -1 0 -1899
4 2 1 2 48 
4 3 1 2 131 
4 5 1 2 56 
4 1 1 2 1 
3
5 444
5 -1899
2 2 -1 1900 -1
4 5 1 4 1902 
4 9 1 4 1898 
4 3 1 4 1901 
4 14 1 2 0 
3
2 49 -1 0 -1900
4 2 1 2 0 
4 3 1 2 4 
4 5 1 2 56 
4 1 1 2 1 
3
5 446
2 101 -1 0 -1900
4 2 1 2 0 
4 3 1 2 0 
4 5 1 2 0 
4 1 1 2 4 
3
5 447
2 101 -1 0 -1900
4 2 1 2 0 
4 3 1 2 2 
4 5 1 2 172 
4 1 1 2 7 
3
5 448
2 16 -1 0 -1900
4 2 1 2 24 
4 3 1 2 32 
4 5 1 2 252 
3
5 449
2 18 -1 0 -1900
4 2 1 2 108 
4 3 1 2 57 
4 5 1 2 228 
3
5 450
2 83 -1 0 -1900
4 2 1 2 56 
4 3 1 2 32 
4 5 1 2 16 
4 1 1 2 5 
4 6 1 2 8 
4 8 1 2 32 
4 9 1 2 32 
4 10 1 2 32 
4 11 1 2 53 
4 12 1 2 51 
4 13 1 2 48 
4 14 1 2 32 
4 15 1 2 32 
4 16 1 2 32 
4 17 1 2 32 
4 18 1 2 32 
4 19 1 2 32 
4 20 1 2 32 
4 21 1 2 32 
4 22 1 2 32 
4 23 1 2 32 
4 24 1 2 32 
4 25 1 2 32 
4 26 1 2 32 
4 27 1 2 32 
4 28 1 2 32 
4 29 1 2 32 
4 30 1 2 32 
4 31 1 2 32 
4 32 1 2 32 
4 33 1 2 32 
4 34 1 2 32 
4 35 1 2 32 
4 36 1 2 32 
4 37 1 2 32 
4 38 1 2 32 
4 39 1 2 32 
4 40 1 2 32 
4 41 1 2 32 
4 42 1 2 32 
4 43 1 2 32 
4 44 1 2 32 
4 45 1 2 32 
4 46 1 2 32 
4 47 1 2 32 
3
5 451
2 65 -1 0 -1900
4 2 1 2 20 
4 3 1 2 154 
4 5 1 2 17 
4 8 1 2 0 
3
5 452
2 88 -1 0 -1900
4 2 1 2 68 
4 3 1 2 7 
4 5 1 2 252 
4 6 1 2 6 
4 8 1 2 0 
4 9 1 2 0 
3
5 453
2 71 -1 0 -1900
4 2 1 2 12 
4 3 1 2 31 
4 5 1 2 32 
4 1 1 2 2 
4 8 1 2 1 
3
5 454
2 36 -1 0 -1900
4 2 1 2 132 
4 3 1 2 33 
4 5 1 2 0 
3
5 455
5 -1900
2 2 -1 1901 -1
4 7 1 4 1900 
4 12 1 4 0 
4 14 1 2 2 
3
2 49 -1 0 -1901
4 2 1 2 0 
4 3 1 2 4 
4 5 1 2 220 
4 1 1 2 1 
3
5 457
2 101 -1 0 -1901
4 2 1 2 0 
4 3 1 2 0 
4 5 1 2 204 
4 1 1 2 4 
3
5 458
2 29 -1 0 -1901
4 2 1 2 92 
4 3 1 2 152 
4 5 1 2 16 
4 8 1 2 3 
4 9 1 2 0 
4 10 1 2 0 
3
5 459
2 39 -1 0 -1901
4 2 1 2 48 
4 3 1 2 31 
4 5 1 2 56 
4 8 1 2 1 
3
5 460
2 102 -1 0 -1901
4 2 1 2 20 
4 3 1 2 104 
4 5 1 2 8 
4 1 1 2 1 
4 6 1 2 2 
3
5 461
2 30 -1 0 -1901
4 2 1 2 16 
4 3 1 2 33 
4 5 1 2 244 
4 8 1 2 2 
4 9 1 2 0 
4 10 1 2 0 
3
5 462
2 5 -1 0 -1901
4 2 1 2 100 
4 3 1 2 195 
4 5 1 2 0 
4 6 1 2 1 
4 8 1 2 1 
3
5 463
2 45 -1 0 -1901
4 2 1 2 144 
4 3 1 2 147 
4 5 1 2 0 
4 1 1 2 1 
4 8 1 2 3 
4 9 1 2 0 
4 10 1 2 0 
3
5 464
2 102 -1 0 -1901
4 2 1 2 68 
4 3 1 2 63 
4 5 1 2 8 
4 1 1 2 1 
4 6 1 2 1 
3
5 465
2 19 -1 0 -1901
4 2 1 2 96 
4 3 1 2 130 
4 5 1 2 41 
4 1 1 2 1 
3
5 466
2 19 -1 0 -1901
4 2 1 2 44 
4 3 1 2 131 
4 5 1 2 40 
4 1 1 2 1 
3
5 467
5 -1901
2 2 -1 1902 -1
4 5 1 4 1903 
4 9 1 4 1900 
4 14 1 2 0 
3
2 49 -1 0 -1902
4 2 1 2 0 
4 3 1 2 4 
4 5 1 2 56 
3
5 469
2 84 -1 0 -1902
4 2 1 2 0 
4 3 1 2 0 
4 5 1 2 244 
4 1 1 2 4 
3
5 470
2 88 -1 0 -1902
4 2 1 2 68 
4 3 1 2 12 
4 5 1 2 252 
4 8 1 2 0 
4 9 1 2 0 
3
5 471
2 83 -1 0 -1902
4 2 1 2 64 
4 3 1 2 30 
4 5 1 2 16 
4 1 1 2 5 
4 6 1 2 5 
4 8 1 2 72 
4 9 1 2 121 
4 10 1 2 112 
4 11 1 2 101 
4 12 1 2 114 
4 13 1 2 32 
4 14 1 2 68 
4 15 1 2 114 
4 16 1 2 32 
4 17 1 2 32 
4 18 1 2 32 
4 19 1 2 32 
4 20 1 2 32 
4 21 1 2 32 
4 22 1 2 32 
4 23 1 2 32 
4 24 1 2 32 
4 25 1 2 32 
4 26 1 2 32 
4 27 1 2 32 
4 28 1 2 32 
4 29 1 2 32 
4 30 1 2 32 
4 31 1 2 32 
4 32 1 2 32 
4 33 1 2 32 
4 34 1 2 32 
4 35 1 2 32 
4 36 1 2 32 
4 37 1 2 32 
4 38 1 2 32 
4 39 1 2 32 
4 40 1 2 32 
4 41 1 2 32 
4 42 1 2 32 
4 43 1 2 32 
4 44 1 2 32 
4 45 1 2 32 
4 46 1 2 32 
4 47 1 2 32 
3
5 472
2 89 -1 0 -1902
4 2 1 2 140 
4 3 1 2 134 
4 5 1 2 17 
4 1 1 2 1 
3
5 473
2 93 -1 0 -1902
4 2 1 2 16 
4 3 1 2 132 
4 5 1 2 48 
4 8 1 2 0 
3
5 474
5 -1902
2 2 -1 1903 -1
4 5 1 4 1905 
4 9 1 4 1902 
4 3 1 4 1904 
4 14 1 2 0 
3
2 49 -1 0 -1903
4 2 1 2 0 
4 3 1 2 4 
4 5 1 2 56 
4 1 1 2 1 
3
5 476
2 101 -1 0 -1903
4 2 1 2 0 
4 3 1 2 0 
4 5 1 2 0 
4 1 1 2 4 
3
5 477
2 101 -1 0 -1903
4 2 1 2 0 
4 3 1 2 2 
4 5 1 2 204 
4 1 1 2 7 
3
5 478
2 16 -1 0 -1903
4 2 1 2 32 
4 3 1 2 32 
4 5 1 2 204 
3
5 479
2 18 -1 0 -1903
4 2 1 2 108 
4 3 1 2 57 
4 5 1 2 204 
3
5 480
2 83 -1 0 -1903
4 2 1 2 72 
4 3 1 2 57 
4 5 1 2 16 
4 1 1 2 5 
4 6 1 2 8 
4 8 1 2 32 
4 9 1 2 32 
4 10 1 2 32 
4 11 1 2 54 
4 12 1 2 51 
4 13 1 2 48 
4 14 1 2 32 
4 15 1 2 32 
4 16 1 2 32 
4 17 1 2 32 
4 18 1 2 32 
4 19 1 2 32 
4 20 1 2 32 
4 21 1 2 32 
4 22 1 2 32 
4 23 1 2 32 
4 24 1 2 32 
4 25 1 2 32 
4 26 1 2 32 
4 27 1 2 32 
4 28 1 2 32 
4 29 1 2 32 
4 30 1 2 32 
4 31 1 2 32 
4 32 1 2 32 
4 33 1 2 32 
4 34 1 2 32 
4 35 1 2 32 
4 36 1 2 32 
4 37 1 2 32 
4 38 1 2 32 
4 39 1 2 32 
4 40 1 2 32 
4 41 1 2 32 
4 42 1 2 32 
4 43 1 2 32 
4 44 1 2 32 
4 45 1 2 32 
4 46 1 2 32 
4 47 1 2 32 
3
5 481
2 65 -1 0 -1903
4 2 1 2 24 
4 3 1 2 148 
4 5 1 2 1 
4 8 1 2 0 
3
5 482
2 36 -1 0 -1903
4 2 1 2 64 
4 3 1 2 33 
4 5 1 2 0 
3
5 483
2 36 -1 0 -1903
4 2 1 2 92 
4 3 1 2 33 
4 5 1 2 0 
4 6 1 2 2 
3
5 484
2 71 -1 0 -1903
4 2 1 2 72 
4 3 1 2 152 
4 5 1 2 16 
4 1 1 2 2 
4 8 1 2 1 
3
5 485
2 36 -1 0 -1903
4 2 1 2 108 
4 3 1 2 161 
4 5 1 2 0 
4 6 1 2 2 
3
5 486
2 36 -1 0 -1903
4 2 1 2 132 
4 3 1 2 33 
4 5 1 2 0 
3
5 487
2 88 -1 0 -1903
4 2 1 2 68 
4 3 1 2 7 
4 5 1 2 252 
4 6 1 2 6 
4 8 1 2 0 
4 9 1 2 0 
3
5 488
2 18 -1 0 -1903
4 2 1 2 4 
4 3 1 2 49 
4 5 1 2 204 
4 1 1 2 1 
3
5 489
5 -1903
2 2 -1 1904 -1
4 7 1 4 1903 
4 12 1 4 0 
4 14 1 2 2 
3
2 49 -1 0 -1904
4 2 1 2 0 
4 3 1 2 4 
4 5 1 2 16 
4 1 1 2 1 
3
5 491
2 101 -1 0 -1904
4 2 1 2 0 
4 3 1 2 0 
4 5 1 2 80 
4 1 1 2 4 
3
5 492
2 91 -1 0 -1904
4 2 1 2 56 
4 3 1 2 129 
4 5 1 2 0 
4 8 1 2 3 
4 9 1 2 0 
4 10 1 2 0 
3
5 493
2 21 -1 0 -1904
4 2 1 2 8 
4 3 1 2 32 
4 5 1 2 236 
4 8 1 2 2 
4 9 1 2 0 
4 10 1 2 0 
3
5 494
2 19 -1 0 -1904
4 2 1 2 44 
4 3 1 2 138 
4 5 1 2 204 
3
5 495
2 30 -1 0 -1904
4 2 1 2 120 
4 3 1 2 33 
4 5 1 2 16 
4 8 1 2 2 
4 9 1 2 0 
4 10 1 2 0 
3
5 496
2 39 -1 0 -1904
4 2 1 2 72 
4 3 1 2 31 
4 5 1 2 172 
4 8 1 2 1 
3
5 497
2 19 -1 0 -1904
4 2 1 2 88 
4 3 1 2 138 
4 5 1 2 204 
3
5 498
5 -1904
2 2 -1 1905 -1
4 5 1 4 1907 
4 9 1 4 1903 
4 3 1 4 1906 
4 14 1 2 0 
3
2 49 -1 0 -1905
4 2 1 2 0 
4 3 1 2 4 
4 5 1 2 56 
4 1 1 2 1 
3
5 500
2 101 -1 0 -1905
4 2 1 2 0 
4 3 1 2 0 
4 5 1 2 0 
4 1 1 2 4 
3
5 501
2 101 -1 0 -1905
4 2 1 2 0 
4 3 1 2 2 
4 5 1 2 172 
4 1 1 2 7 
3
5 502
2 16 -1 0 -1905
4 2 1 2 52 
4 3 1 2 32 
4 5 1 2 140 
3
5 503
2 18 -1 0 -1905
4 2 1 2 112 
4 3 1 2 56 
4 5 1 2 172 
3
5 504
2 83 -1 0 -1905
4 2 1 2 24 
4 3 1 2 32 
4 5 1 2 16 
4 1 1 2 5 
4 6 1 2 8 
4 8 1 2 32 
4 9 1 2 32 
4 10 1 2 32 
4 11 1 2 55 
4 12 1 2 51 
4 13 1 2 48 
4 14 1 2 32 
4 15 1 2 32 
4 16 1 2 32 
4 17 1 2 32 
4 18 1 2 32 
4 19 1 2 32 
4 20 1 2 32 
4 21 1 2 32 
4 22 1 2 32 
4 23 1 2 32 
4 24 1 2 32 
4 25 1 2 32 
4 26 1 2 32 
4 27 1 2 32 
4 28 1 2 32 
4 29 1 2 32 
4 30 1 2 32 
4 31 1 2 32 
4 32 1 2 32 
4 33 1 2 32 
4 34 1 2 32 
4 35 1 2 32 
4 36 1 2 32 
4 37 1 2 32 
4 38 1 2 32 
4 39 1 2 32 
4 40 1 2 32 
4 41 1 2 32 
4 42 1 2 32 
4 43 1 2 32 
4 44 1 2 32 
4 45 1 2 32 
4 46 1 2 32 
4 47 1 2 32 
3
5 505
2 65 -1 0 -1905
4 2 1 2 108 
4 3 1 2 159 
4 5 1 2 17 
4 8 1 2 0 
3
5 506
2 88 -1 0 -1905
4 2 1 2 68 
4 3 1 2 7 
4 5 1 2 252 
4 6 1 2 6 
4 8 1 2 0 
4 9 1 2 0 
3
5 507
2 18 -1 0 -1905
4 2 1 2 32 
4 3 1 2 49 
4 5 1 2 172 
4 1 1 2 1 
3
5 508
5 -1905
2 2 -1 1906 -1
4 7 1 4 1905 
4 12 1 4 0 
4 14 1 2 2 
3
2 49 -1 0 -1906
4 2 1 2 0 
4 3 1 2 4 
4 5 1 2 16 
4 1 1 2 1 
3
5 510
2 101 -1 0 -1906
4 2 1 2 0 
4 3 1 2 0 
4 5 1 2 88 
4 1 1 2 4 
3
5 511
2 91 -1 0 -1906
4 2 1 2 80 
4 3 1 2 129 
4 5 1 2 0 
4 8 1 2 3 
4 9 1 2 0 
4 10 1 2 0 
3
5 512
2 21 -1 0 -1906
4 2 1 2 128 
4 3 1 2 138 
4 5 1 2 244 
4 1 1 2 2 
4 8 1 2 2 
4 9 1 2 0 
4 10 1 2 0 
3
5 513
2 19 -1 0 -1906
4 2 1 2 32 
4 3 1 2 138 
4 5 1 2 220 
4 1 1 2 5 
3
5 514
2 30 -1 0 -1906
4 2 1 2 4 
4 3 1 2 33 
4 5 1 2 236 
4 8 1 2 2 
4 9 1 2 0 
4 10 1 2 0 
3
5 515
2 39 -1 0 -1906
4 2 1 2 60 
4 3 1 2 31 
4 5 1 2 16 
4 8 1 2 1 
3
5 516
5 -1906
2 2 -1 1907 -1
4 5 1 4 1909 
4 9 1 4 1905 
4 3 1 4 1908 
4 14 1 2 0 
3
2 49 -1 0 -1907
4 2 1 2 0 
4 3 1 2 4 
4 5 1 2 56 
4 1 1 2 1 
3
5 518
2 101 -1 0 -1907
4 2 1 2 0 
4 3 1 2 0 
4 5 1 2 0 
4 1 1 2 4 
3
5 519
2 101 -1 0 -1907
4 2 1 2 0 
4 3 1 2 2 
4 5 1 2 172 
4 1 1 2 7 
3
5 520
2 16 -1 0 -1907
4 2 1 2 24 
4 3 1 2 32 
4 5 1 2 188 
3
5 521
2 18 -1 0 -1907
4 2 1 2 108 
4 3 1 2 57 
4 5 1 2 196 
3
5 522
2 83 -1 0 -1907
4 2 1 2 72 
4 3 1 2 58 
4 5 1 2 16 
4 1 1 2 5 
4 6 1 2 8 
4 8 1 2 32 
4 9 1 2 32 
4 10 1 2 32 
4 11 1 2 56 
4 12 1 2 51 
4 13 1 2 48 
4 14 1 2 32 
4 15 1 2 32 
4 16 1 2 32 
4 17 1 2 32 
4 18 1 2 32 
4 19 1 2 32 
4 20 1 2 32 
4 21 1 2 32 
4 22 1 2 32 
4 23 1 2 32 
4 24 1 2 32 
4 25 1 2 32 
4 26 1 2 32 
4 27 1 2 32 
4 28 1 2 32 
4 29 1 2 32 
4 30 1 2 32 
4 31 1 2 32 
4 32 1 2 32 
4 33 1 2 32 
4 34 1 2 32 
4 35 1 2 32 
4 36 1 2 32 
4 37 1 2 32 
4 38 1 2 32 
4 39 1 2 32 
4 40 1 2 32 
4 41 1 2 32 
4 42 1 2 32 
4 43 1 2 32 
4 44 1 2 32 
4 45 1 2 32 
4 46 1 2 32 
4 47 1 2 32 
3
5 523
2 65 -1 0 -1907
4 2 1 2 20 
4 3 1 2 151 
4 5 1 2 17 
4 8 1 2 0 
3
5 524
2 36 -1 0 -1907
4 2 1 2 64 
4 3 1 2 33 
4 5 1 2 0 
3
5 525
2 36 -1 0 -1907
4 2 1 2 92 
4 3 1 2 33 
4 5 1 2 0 
4 6 1 2 2 
3
5 526
2 71 -1 0 -1907
4 2 1 2 100 
4 3 1 2 39 
4 5 1 2 32 
4 1 1 2 2 
4 8 1 2 1 
3
5 527
2 36 -1 0 -1907
4 2 1 2 108 
4 3 1 2 161 
4 5 1 2 0 
4 6 1 2 2 
3
5 528
2 36 -1 0 -1907
4 2 1 2 132 
4 3 1 2 33 
4 5 1 2 0 
3
5 529
2 88 -1 0 -1907
4 2 1 2 68 
4 3 1 2 7 
4 5 1 2 252 
4 6 1 2 6 
4 8 1 2 0 
4 9 1 2 0 
3
5 530
5 -1907
2 2 -1 1908 -1
4 7 1 4 1907 
4 12 1 4 0 
4 14 1 2 2 
3
2 49 -1 0 -1908
4 2 1 2 0 
4 3 1 2 4 
4 5 1 2 220 
4 1 1 2 1 
3
5 532
2 101 -1 0 -1908
4 2 1 2 0 
4 3 1 2 0 
4 5 1 2 244 
4 1 1 2 4 
3
5 533
2 102 -1 0 -1908
4 2 1 2 48 
4 3 1 2 56 
4 5 1 2 112 
4 1 1 2 1 
3
5 534
2 25 -1 0 -1908
4 2 1 2 44 
4 3 1 2 132 
4 5 1 2 0 
3
5 535
2 21 -1 0 -1908
4 2 1 2 8 
4 3 1 2 26 
4 5 1 2 8 
4 8 1 2 2 
4 9 1 2 0 
4 10 1 2 0 
3
5 536
2 30 -1 0 -1908
4 2 1 2 120 
4 3 1 2 33 
4 5 1 2 244 
4 8 1 2 2 
4 9 1 2 0 
4 10 1 2 0 
3
5 537
2 39 -1 0 -1908
4 2 1 2 100 
4 3 1 2 133 
4 5 1 2 8 
4 8 1 2 1 
3
5 538
2 102 -1 0 -1908
4 2 1 2 88 
4 3 1 2 56 
4 5 1 2 112 
4 1 1 2 1 
3
5 539
2 56 -1 0 -1908
4 2 1 2 12 
4 3 1 2 131 
4 5 1 2 120 
3
5 540
2 60 -1 0 -1908
4 2 1 2 12 
4 3 1 2 82 
4 5 1 2 0 
4 1 1 2 3 
4 6 1 2 3 
4 8 1 2 0 
3
5 541
2 19 -1 0 -1908
4 2 1 2 112 
4 3 1 2 130 
4 5 1 2 1 
4 1 1 2 1 
3
5 542
5 -1908
2 2 -1 1909 -1
4 5 1 4 1911 
4 9 1 4 1907 
4 3 1 4 1910 
4 14 1 2 0 
3
2 49 -1 0 -1909
4 2 1 2 0 
4 3 1 2 4 
4 5 1 2 56 
4 1 1 2 1 
3
5 544
2 101 -1 0 -1909
4 2 1 2 0 
4 3 1 2 0 
4 5 1 2 0 
4 1 1 2 4 
3
5 545
2 101 -1 0 -1909
4 2 1 2 0 
4 3 1 2 2 
4 5 1 2 172 
4 1 1 2 7 
3
5 546
2 16 -1 0 -1909
4 2 1 2 16 
4 3 1 2 32 
4 5 1 2 164 
3
5 547
2 18 -1 0 -1909
4 2 1 2 112 
4 3 1 2 57 
4 5 1 2 164 
3
5 548
2 83 -1 0 -1909
4 2 1 2 136 
4 3 1 2 57 
4 5 1 2 16 
4 1 1 2 5 
4 6 1 2 8 
4 8 1 2 32 
4 9 1 2 32 
4 10 1 2 57 
4 11 1 2 51 
4 12 1 2 48 
4 13 1 2 32 
4 14 1 2 32 
4 15 1 2 32 
4 16 1 2 32 
4 17 1 2 32 
4 18 1 2 32 
4 19 1 2 32 
4 20 1 2 32 
4 21 1 2 32 
4 22 1 2 32 
4 23 1 2 32 
4 24 1 2 32 
4 25 1 2 32 
4 26 1 2 32 
4 27 1 2 32 
4 28 1 2 32 
4 29 1 2 32 
4 30 1 2 32 
4 31 1 2 32 
4 32 1 2 32 
4 33 1 2 32 
4 34 1 2 32 
4 35 1 2 32 
4 36 1 2 32 
4 37 1 2 32 
4 38 1 2 32 
4 39 1 2 32 
4 40 1 2 32 
4 41 1 2 32 
4 42 1 2 32 
4 43 1 2 32 
4 44 1 2 32 
4 45 1 2 32 
4 46 1 2 32 
4 47 1 2 32 
3
5 549
2 65 -1 0 -1909
4 2 1 2 12 
4 3 1 2 149 
4 5 1 2 16 
4 8 1 2 0 
3
5 550
2 18 -1 0 -1909
4 2 1 2 48 
4 3 1 2 177 
4 5 1 2 0 
3
5 551
2 16 -1 0 -1909
4 2 1 2 96 
4 3 1 2 62 
4 5 1 2 165 
4 6 1 2 4 
3
5 552
2 88 -1 0 -1909
4 2 1 2 68 
4 3 1 2 7 
4 5 1 2 252 
4 6 1 2 6 
4 8 1 2 0 
4 9 1 2 0 
3
5 553
2 36 -1 0 -1909
4 2 1 2 132 
4 3 1 2 33 
4 5 1 2 0 
3
5 554
2 16 -1 0 -1909
4 2 1 2 52 
4 3 1 2 56 
4 5 1 2 165 
4 6 1 2 2 
3
5 555
5 -1909
2 2 -1 1910 -1
4 7 1 4 1909 
4 12 1 4 0 
4 14 1 2 2 
3
2 49 -1 0 -1910
4 2 1 2 0 
4 3 1 2 4 
4 5 1 2 220 
4 1 1 2 1 
3
5 557
2 101 -1 0 -1910
4 2 1 2 0 
4 3 1 2 0 
4 5 1 2 204 
4 1 1 2 4 
3
5 558
2 29 -1 0 -1910
4 2 1 2 92 
4 3 1 2 152 
4 5 1 2 16 
4 8 1 2 3 
4 9 1 2 0 
4 10 1 2 0 
3
5 559
2 39 -1 0 -1910
4 2 1 2 48 
4 3 1 2 31 
4 5 1 2 56 
4 8 1 2 1 
3
5 560
2 102 -1 0 -1910
4 2 1 2 20 
4 3 1 2 104 
4 5 1 2 8 
4 1 1 2 1 
4 6 1 2 2 
3
5 561
2 30 -1 0 -1910
4 2 1 2 16 
4 3 1 2 33 
4 5 1 2 244 
4 8 1 2 2 
4 9 1 2 0 
4 10 1 2 0 
3
5 562
2 5 -1 0 -1910
4 2 1 2 100 
4 3 1 2 195 
4 5 1 2 0 
4 6 1 2 1 
4 8 1 2 1 
3
5 563
2 45 -1 0 -1910
4 2 1 2 144 
4 3 1 2 147 
4 5 1 2 0 
4 1 1 2 1 
4 8 1 2 3 
4 9 1 2 0 
4 10 1 2 0 
3
5 564
2 102 -1 0 -1910
4 2 1 2 68 
4 3 1 2 63 
4 5 1 2 8 
4 1 1 2 1 
4 6 1 2 1 
3
5 565
2 19 -1 0 -1910
4 2 1 2 96 
4 3 1 2 130 
4 5 1 2 41 
4 1 1 2 1 
3
5 566
2 19 -1 0 -1910
4 2 1 2 44 
4 3 1 2 131 
4 5 1 2 40 
4 1 1 2 1 
3
5 567
5 -1910
2 2 -1 1911 -1
4 5 1 4 1891 
4 9 1 4 1909 
4 3 1 4 1912 
4 14 1 2 0 
3
2 49 -1 0 -1911
4 2 1 2 0 
4 3 1 2 4 
4 5 1 2 56 
4 1 1 2 1 
3
5 569
2 101 -1 0 -1911
4 2 1 2 0 
4 3 1 2 0 
4 5 1 2 0 
4 1 1 2 4 
3
5 570
2 101 -1 0 -1911
4 2 1 2 0 
4 3 1 2 2 
4 5 1 2 172 
4 1 1 2 7 
3
5 571
2 16 -1 0 -1911
4 2 1 2 16 
4 3 1 2 32 
4 5 1 2 189 
3
5 572
2 18 -1 0 -1911
4 2 1 2 120 
4 3 1 2 57 
4 5 1 2 212 
3
5 573
2 83 -1 0 -1911
4 2 1 2 8 
4 3 1 2 32 
4 5 1 2 16 
4 1 1 2 5 
4 6 1 2 8 
4 8 1 2 32 
4 9 1 2 32 
4 10 1 2 49 
4 11 1 2 48 
4 12 1 2 51 
4 13 1 2 48 
4 14 1 2 32 
4 15 1 2 32 
4 16 1 2 32 
4 17 1 2 32 
4 18 1 2 32 
4 19 1 2 32 
4 20 1 2 32 
4 21 1 2 32 
4 22 1 2 32 
4 23 1 2 32 
4 24 1 2 32 
4 25 1 2 32 
4 26 1 2 32 
4 27 1 2 32 
4 28 1 2 32 
4 29 1 2 32 
4 30 1 2 32 
4 31 1 2 32 
4 32 1 2 32 
4 33 1 2 32 
4 34 1 2 32 
4 35 1 2 32 
4 36 1 2 32 
4 37 1 2 32 
4 38 1 2 32 
4 39 1 2 32 
4 40 1 2 32 
4 41 1 2 32 
4 42 1 2 32 
4 43 1 2 32 
4 44 1 2 32 
4 45 1 2 32 
4 46 1 2 32 
4 47 1 2 32 
3
5 574
2 65 -1 0 -1911
4 2 1 2 80 
4 3 1 2 149 
4 5 1 2 0 
4 8 1 2 0 
3
5 575
2 88 -1 0 -1911
4 2 1 2 68 
4 3 1 2 7 
4 5 1 2 252 
4 6 1 2 6 
4 8 1 2 0 
4 9 1 2 0 
3
5 576
5 -1911
2 2 -1 1912 -1
4 7 1 4 1911 
4 12 1 4 0 
4 14 1 2 2 
3
2 49 -1 0 -1912
4 2 1 2 0 
4 3 1 2 4 
4 5 1 2 16 
4 1 1 2 1 
3
5 578
2 101 -1 0 -1912
4 2 1 2 0 
4 3 1 2 0 
4 5 1 2 24 
4 1 1 2 4 
3
5 579
2 29 -1 0 -1912
4 2 1 2 96 
4 3 1 2 156 
4 5 1 2 164 
4 8 1 2 3 
4 9 1 2 0 
4 10 1 2 0 
3
5 580
2 102 -1 0 -1912
4 2 1 2 52 
4 3 1 2 60 
4 5 1 2 0 
3
5 581
2 102 -1 0 -1912
4 2 1 2 68 
4 3 1 2 67 
4 5 1 2 0 
4 6 1 2 2 
3
5 582
2 30 -1 0 -1912
4 2 1 2 16 
4 3 1 2 33 
4 5 1 2 148 
4 8 1 2 2 
4 9 1 2 0 
4 10 1 2 0 
3
5 583
2 39 -1 0 -1912
4 2 1 2 60 
4 3 1 2 130 
4 5 1 2 188 
4 8 1 2 1 
3
5 584
2 19 -1 0 -1912
4 2 1 2 96 
4 3 1 2 130 
4 5 1 2 57 
4 1 1 2 1 
3
5 585
2 19 -1 0 -1912
4 2 1 2 48 
4 3 1 2 131 
4 5 1 2 56 
4 1 1 2 1 
3
5 586
5 -1912
2 2 -1 1913 -1
4 5 1 4 1892 
4 14 1 2 0 
3
2 49 -1 0 -1913
4 2 1 2 0 
4 3 1 2 4 
4 5 1 2 56 
4 1 1 2 1 
3
5 588
2 101 -1 0 -1913
4 2 1 2 0 
4 3 1 2 0 
4 5 1 2 0 
4 1 1 2 4 
3
5 589
2 101 -1 0 -1913
4 2 1 2 0 
4 3 1 2 2 
4 5 1 2 172 
4 1 1 2 7 
3
5 590
2 18 -1 0 -1913
4 2 1 2 84 
4 3 1 2 47 
4 5 1 2 16 
3
5 591
2 18 -1 0 -1913
4 2 1 2 4 
4 3 1 2 57 
4 5 1 2 212 
3
5 592
2 93 -1 0 -1913
4 2 1 2 32 
4 3 1 2 133 
4 5 1 2 0 
4 8 1 2 0 
3
5 593
2 88 -1 0 -1913
4 2 1 2 68 
4 3 1 2 7 
4 5 1 2 252 
4 6 1 2 4 
4 8 1 2 0 
4 9 1 2 0 
3
5 594
5 -1913
2 2 -1 1914 -1
4 9 1 4 1934 
4 14 1 2 0 
3
2 49 -1 0 -1914
4 2 1 2 0 
4 3 1 2 4 
4 5 1 2 16 
4 1 1 2 1 
3
5 596
2 101 -1 0 -1914
4 2 1 2 0 
4 3 1 2 0 
4 5 1 2 0 
4 1 1 2 4 
3
5 597
2 101 -1 0 -1914
4 2 1 2 0 
4 3 1 2 2 
4 5 1 2 172 
4 1 1 2 7 
3
5 598
2 93 -1 0 -1914
4 2 1 2 44 
4 3 1 2 130 
4 5 1 2 0 
4 8 1 2 0 
3
5 599
2 18 -1 0 -1914
4 2 1 2 108 
4 3 1 2 56 
4 5 1 2 8 
3
5 600
2 18 -1 0 -1914
4 2 1 2 12 
4 3 1 2 58 
4 5 1 2 188 
3
5 601
2 18 -1 0 -1914
4 2 1 2 76 
4 3 1 2 156 
4 5 1 2 172 
3
5 602
2 88 -1 0 -1914
4 2 1 2 68 
4 3 1 2 7 
4 5 1 2 252 
4 6 1 2 3 
4 8 1 2 0 
4 9 1 2 0 
3
5 603
5 -1914
2 2 -1 1915 -1
4 5 1 4 1917 
4 9 1 4 1936 
4 3 1 4 1916 
4 14 1 2 0 
3
2 49 -1 0 -1915
4 2 1 2 0 
4 3 1 2 4 
4 5 1 2 16 
4 1 1 2 1 
3
5 605
2 101 -1 0 -1915
4 2 1 2 0 
4 3 1 2 0 
4 5 1 2 0 
4 1 1 2 4 
3
5 606
2 101 -1 0 -1915
4 2 1 2 0 
4 3 1 2 2 
4 5 1 2 172 
4 1 1 2 7 
3
5 607
2 16 -1 0 -1915
4 2 1 2 40 
4 3 1 2 32 
4 5 1 2 0 
3
5 608
2 18 -1 0 -1915
4 2 1 2 108 
4 3 1 2 57 
4 5 1 2 236 
3
5 609
2 83 -1 0 -1915
4 2 1 2 72 
4 3 1 2 29 
4 5 1 2 252 
4 1 1 2 5 
4 6 1 2 8 
4 8 1 2 32 
4 9 1 2 32 
4 10 1 2 32 
4 11 1 2 49 
4 12 1 2 51 
4 13 1 2 49 
4 14 1 2 32 
4 15 1 2 32 
4 16 1 2 32 
4 17 1 2 32 
4 18 1 2 32 
4 19 1 2 32 
4 20 1 2 32 
4 21 1 2 32 
4 22 1 2 32 
4 23 1 2 32 
4 24 1 2 32 
4 25 1 2 32 
4 26 1 2 32 
4 27 1 2 32 
4 28 1 2 32 
4 29 1 2 32 
4 30 1 2 32 
4 31 1 2 32 
4 32 1 2 32 
4 33 1 2 32 
4 34 1 2 32 
4 35 1 2 32 
4 36 1 2 32 
4 37 1 2 32 
4 38 1 2 32 
4 39 1 2 32 
4 40 1 2 32 
4 41 1 2 32 
4 42 1 2 32 
4 43 1 2 32 
4 44 1 2 32 
4 45 1 2 32 
4 46 1 2 32 
4 47 1 2 32 
3
5 610
2 65 -1 0 -1915
4 2 1 2 20 
4 3 1 2 153 
4 5 1 2 17 
4 8 1 2 0 
3
5 611
2 88 -1 0 -1915
4 2 1 2 68 
4 3 1 2 7 
4 5 1 2 252 
4 6 1 2 6 
4 8 1 2 0 
4 9 1 2 0 
3
5 612
2 71 -1 0 -1915
4 2 1 2 20 
4 3 1 2 31 
4 5 1 2 32 
4 1 1 2 2 
4 8 1 2 1 
3
5 613
2 36 -1 0 -1915
4 2 1 2 132 
4 3 1 2 33 
4 5 1 2 0 
3
5 614
5 -1915
2 2 -1 1916 -1
4 7 1 4 1915 
4 12 1 4 0 
4 14 1 2 2 
3
2 49 -1 0 -1916
4 2 1 2 0 
4 3 1 2 4 
4 5 1 2 16 
4 1 1 2 1 
3
5 616
2 101 -1 0 -1916
4 2 1 2 0 
4 3 1 2 0 
4 5 1 2 80 
4 1 1 2 4 
3
5 617
2 91 -1 0 -1916
4 2 1 2 56 
4 3 1 2 129 
4 5 1 2 0 
4 8 1 2 3 
4 9 1 2 0 
4 10 1 2 0 
3
5 618
2 21 -1 0 -1916
4 2 1 2 8 
4 3 1 2 32 
4 5 1 2 236 
4 8 1 2 2 
4 9 1 2 0 
4 10 1 2 0 
3
5 619
2 19 -1 0 -1916
4 2 1 2 44 
4 3 1 2 138 
4 5 1 2 204 
3
5 620
2 30 -1 0 -1916
4 2 1 2 120 
4 3 1 2 33 
4 5 1 2 16 
4 8 1 2 2 
4 9 1 2 0 
4 10 1 2 0 
3
5 621
2 39 -1 0 -1916
4 2 1 2 72 
4 3 1 2 31 
4 5 1 2 172 
4 8 1 2 1 
3
5 622
2 19 -1 0 -1916
4 2 1 2 88 
4 3 1 2 138 
4 5 1 2 204 
3
5 623
5 -1916
2 2 -1 1917 -1
4 5 1 4 1919 
4 9 1 4 1915 
4 3 1 4 1918 
4 14 1 2 0 
3
2 49 -1 0 -1917
4 2 1 2 0 
4 3 1 2 4 
4 5 1 2 16 
4 1 1 2 1 
3
5 625
2 101 -1 0 -1917
4 2 1 2 0 
4 3 1 2 0 
4 5 1 2 0 
4 1 1 2 4 
3
5 626
2 101 -1 0 -1917
4 2 1 2 0 
4 3 1 2 2 
4 5 1 2 172 
4 1 1 2 7 
3
5 627
2 16 -1 0 -1917
4 2 1 2 72 
4 3 1 2 32 
4 5 1 2 189 
3
5 628
2 71 -1 0 -1917
4 2 1 2 76 
4 3 1 2 50 
4 5 1 2 16 
4 1 1 2 1 
4 8 1 2 1 
3
5 629
2 18 -1 0 -1917
4 2 1 2 32 
4 3 1 2 58 
4 5 1 2 236 
4 1 1 2 1 
3
5 630
2 65 -1 0 -1917
4 2 1 2 124 
4 3 1 2 155 
4 5 1 2 16 
4 8 1 2 0 
3
5 631
2 71 -1 0 -1917
4 2 1 2 136 
4 3 1 2 49 
4 5 1 2 88 
4 8 1 2 1 
3
5 632
2 71 -1 0 -1917
4 2 1 2 80 
4 3 1 2 56 
4 5 1 2 189 
4 1 1 2 1 
4 8 1 2 1 
3
5 633
2 83 -1 0 -1917
4 2 1 2 64 
4 3 1 2 29 
4 5 1 2 252 
4 1 1 2 5 
4 6 1 2 8 
4 8 1 2 32 
4 9 1 2 32 
4 10 1 2 32 
4 11 1 2 50 
4 12 1 2 51 
4 13 1 2 49 
4 14 1 2 32 
4 15 1 2 32 
4 16 1 2 32 
4 17 1 2 32 
4 18 1 2 32 
4 19 1 2 32 
4 20 1 2 32 
4 21 1 2 32 
4 22 1 2 32 
4 23 1 2 32 
4 24 1 2 32 
4 25 1 2 32 
4 26 1 2 32 
4 27 1 2 32 
4 28 1 2 32 
4 29 1 2 32 
4 30 1 2 32 
4 31 1 2 32 
4 32 1 2 32 
4 33 1 2 32 
4 34 1 2 32 
4 35 1 2 32 
4 36 1 2 32 
4 37 1 2 32 
4 38 1 2 32 
4 39 1 2 32 
4 40 1 2 32 
4 41 1 2 32 
4 42 1 2 32 
4 43 1 2 32 
4 44 1 2 32 
4 45 1 2 32 
4 46 1 2 32 
4 47 1 2 32 
3
5 634
2 88 -1 0 -1917
4 2 1 2 68 
4 3 1 2 7 
4 5 1 2 252 
4 6 1 2 6 
4 8 1 2 0 
4 9 1 2 0 
3
5 635
5 -1917
2 2 -1 1918 -1
4 7 1 4 1917 
4 12 1 4 0 
4 14 1 2 2 
3
2 49 -1 0 -1918
4 2 1 2 0 
4 3 1 2 4 
4 5 1 2 16 
4 1 1 2 1 
3
5 637
2 101 -1 0 -1918
4 2 1 2 0 
4 3 1 2 0 
4 5 1 2 80 
4 1 1 2 4 
3
5 638
2 91 -1 0 -1918
4 2 1 2 48 
4 3 1 2 129 
4 5 1 2 188 
4 8 1 2 3 
4 9 1 2 0 
4 10 1 2 0 
3
5 639
2 21 -1 0 -1918
4 2 1 2 20 
4 3 1 2 32 
4 5 1 2 204 
4 8 1 2 2 
4 9 1 2 0 
4 10 1 2 0 
3
5 640
2 25 -1 0 -1918
4 2 1 2 88 
4 3 1 2 138 
4 5 1 2 228 
3
5 641
2 30 -1 0 -1918
4 2 1 2 120 
4 3 1 2 33 
4 5 1 2 16 
4 8 1 2 2 
4 9 1 2 0 
4 10 1 2 0 
3
5 642
2 39 -1 0 -1918
4 2 1 2 72 
4 3 1 2 31 
4 5 1 2 188 
4 8 1 2 1 
3
5 643
5 -1918
2 2 -1 1919 -1
4 5 1 4 1921 
4 9 1 4 1917 
4 3 1 4 1920 
4 14 1 2 0 
3
2 49 -1 0 -1919
4 2 1 2 0 
4 3 1 2 4 
4 5 1 2 16 
4 1 1 2 1 
3
5 645
2 101 -1 0 -1919
4 2 1 2 0 
4 3 1 2 0 
4 5 1 2 0 
4 1 1 2 4 
3
5 646
2 101 -1 0 -1919
4 2 1 2 0 
4 3 1 2 2 
4 5 1 2 172 
4 1 1 2 7 
3
5 647
2 16 -1 0 -1919
4 2 1 2 36 
4 3 1 2 32 
4 5 1 2 164 
3
5 648
2 18 -1 0 -1919
4 2 1 2 96 
4 3 1 2 56 
4 5 1 2 188 
3
5 649
2 83 -1 0 -1919
4 2 1 2 8 
4 3 1 2 29 
4 5 1 2 252 
4 1 1 2 5 
4 6 1 2 8 
4 8 1 2 32 
4 9 1 2 32 
4 10 1 2 32 
4 11 1 2 51 
4 12 1 2 51 
4 13 1 2 49 
4 14 1 2 32 
4 15 1 2 32 
4 16 1 2 32 
4 17 1 2 32 
4 18 1 2 32 
4 19 1 2 32 
4 20 1 2 32 
4 21 1 2 32 
4 22 1 2 32 
4 23 1 2 32 
4 24 1 2 32 
4 25 1 2 32 
4 26 1 2 32 
4 27 1 2 32 
4 28 1 2 32 
4 29 1 2 32 
4 30 1 2 32 
4 31 1 2 32 
4 32 1 2 32 
4 33 1 2 32 
4 34 1 2 32 
4 35 1 2 32 
4 36 1 2 32 
4 37 1 2 32 
4 38 1 2 32 
4 39 1 2 32 
4 40 1 2 32 
4 41 1 2 32 
4 42 1 2 32 
4 43 1 2 32 
4 44 1 2 32 
4 45 1 2 32 
4 46 1 2 32 
4 47 1 2 32 
3
5 650
2 65 -1 0 -1919
4 2 1 2 76 
4 3 1 2 155 
4 5 1 2 16 
4 8 1 2 0 
3
5 651
2 88 -1 0 -1919
4 2 1 2 68 
4 3 1 2 7 
4 5 1 2 252 
4 6 1 2 6 
4 8 1 2 0 
4 9 1 2 0 
3
5 652
2 71 -1 0 -1919
4 2 1 2 32 
4 3 1 2 41 
4 5 1 2 32 
4 1 1 2 2 
4 8 1 2 1 
3
5 653
5 -1919
2 2 -1 1920 -1
4 7 1 4 1919 
4 12 1 4 0 
4 14 1 2 2 
3
2 49 -1 0 -1920
4 2 1 2 0 
4 3 1 2 4 
4 5 1 2 220 
4 1 1 2 1 
3
5 655
2 101 -1 0 -1920
4 2 1 2 0 
4 3 1 2 0 
4 5 1 2 204 
4 1 1 2 4 
3
5 656
2 29 -1 0 -1920
4 2 1 2 92 
4 3 1 2 152 
4 5 1 2 16 
4 8 1 2 3 
4 9 1 2 0 
4 10 1 2 0 
3
5 657
2 39 -1 0 -1920
4 2 1 2 48 
4 3 1 2 31 
4 5 1 2 56 
4 8 1 2 1 
3
5 658
2 102 -1 0 -1920
4 2 1 2 20 
4 3 1 2 104 
4 5 1 2 8 
4 1 1 2 1 
4 6 1 2 2 
3
5 659
2 30 -1 0 -1920
4 2 1 2 16 
4 3 1 2 33 
4 5 1 2 244 
4 8 1 2 2 
4 9 1 2 0 
4 10 1 2 0 
3
5 660
2 5 -1 0 -1920
4 2 1 2 100 
4 3 1 2 195 
4 5 1 2 0 
4 6 1 2 1 
4 8 1 2 1 
3
5 661
2 45 -1 0 -1920
4 2 1 2 144 
4 3 1 2 147 
4 5 1 2 0 
4 1 1 2 1 
4 8 1 2 3 
4 9 1 2 0 
4 10 1 2 0 
3
5 662
2 102 -1 0 -1920
4 2 1 2 68 
4 3 1 2 63 
4 5 1 2 8 
4 1 1 2 1 
4 6 1 2 1 
3
5 663
2 19 -1 0 -1920
4 2 1 2 96 
4 3 1 2 130 
4 5 1 2 41 
4 1 1 2 1 
3
5 664
2 19 -1 0 -1920
4 2 1 2 44 
4 3 1 2 131 
4 5 1 2 40 
4 1 1 2 1 
3
5 665
5 -1920
2 2 -1 1921 -1
4 5 1 4 1923 
4 9 1 4 1919 
4 3 1 4 1922 
4 14 1 2 0 
3
2 49 -1 0 -1921
4 2 1 2 0 
4 3 1 2 4 
4 5 1 2 16 
4 1 1 2 1 
3
5 667
2 101 -1 0 -1921
4 2 1 2 0 
4 3 1 2 0 
4 5 1 2 0 
4 1 1 2 4 
3
5 668
2 101 -1 0 -1921
4 2 1 2 0 
4 3 1 2 2 
4 5 1 2 172 
4 1 1 2 7 
3
5 669
2 16 -1 0 -1921
4 2 1 2 36 
4 3 1 2 32 
4 5 1 2 204 
3
5 670
2 18 -1 0 -1921
4 2 1 2 96 
4 3 1 2 56 
4 5 1 2 172 
3
5 671
2 18 -1 0 -1921
4 2 1 2 16 
4 3 1 2 58 
4 5 1 2 172 
3
5 672
2 65 -1 0 -1921
4 2 1 2 76 
4 3 1 2 155 
4 5 1 2 0 
4 8 1 2 0 
3
5 673
2 83 -1 0 -1921
4 2 1 2 8 
4 3 1 2 29 
4 5 1 2 252 
4 1 1 2 5 
4 6 1 2 8 
4 8 1 2 32 
4 9 1 2 32 
4 10 1 2 32 
4 11 1 2 52 
4 12 1 2 51 
4 13 1 2 49 
4 14 1 2 32 
4 15 1 2 32 
4 16 1 2 32 
4 17 1 2 32 
4 18 1 2 32 
4 19 1 2 32 
4 20 1 2 32 
4 21 1 2 32 
4 22 1 2 32 
4 23 1 2 32 
4 24 1 2 32 
4 25 1 2 32 
4 26 1 2 32 
4 27 1 2 32 
4 28 1 2 32 
4 29 1 2 32 
4 30 1 2 32 
4 31 1 2 32 
4 32 1 2 32 
4 33 1 2 32 
4 34 1 2 32 
4 35 1 2 32 
4 36 1 2 32 
4 37 1 2 32 
4 38 1 2 32 
4 39 1 2 32 
4 40 1 2 32 
4 41 1 2 32 
4 42 1 2 32 
4 43 1 2 32 
4 44 1 2 32 
4 45 1 2 32 
4 46 1 2 32 
4 47 1 2 32 
3
5 674
2 88 -1 0 -1921
4 2 1 2 68 
4 3 1 2 7 
4 5 1 2 252 
4 6 1 2 6 
4 8 1 2 0 
4 9 1 2 0 
3
5 675
5 -1921
2 2 -1 1922 -1
4 7 1 4 1921 
4 12 1 4 0 
4 14 1 2 2 
3
2 49 -1 0 -1922
4 2 1 2 0 
4 3 1 2 4 
4 5 1 2 16 
4 1 1 2 1 
3
5 677
2 101 -1 0 -1922
4 2 1 2 0 
4 3 1 2 0 
4 5 1 2 24 
4 1 1 2 4 
3
5 678
2 29 -1 0 -1922
4 2 1 2 96 
4 3 1 2 156 
4 5 1 2 164 
4 8 1 2 3 
4 9 1 2 0 
4 10 1 2 0 
3
5 679
2 102 -1 0 -1922
4 2 1 2 52 
4 3 1 2 60 
4 5 1 2 0 
3
5 680
2 102 -1 0 -1922
4 2 1 2 68 
4 3 1 2 67 
4 5 1 2 0 
4 6 1 2 2 
3
5 681
2 30 -1 0 -1922
4 2 1 2 16 
4 3 1 2 33 
4 5 1 2 148 
4 8 1 2 2 
4 9 1 2 0 
4 10 1 2 0 
3
5 682
2 39 -1 0 -1922
4 2 1 2 60 
4 3 1 2 130 
4 5 1 2 188 
4 8 1 2 1 
3
5 683
2 19 -1 0 -1922
4 2 1 2 96 
4 3 1 2 130 
4 5 1 2 57 
4 1 1 2 1 
3
5 684
2 19 -1 0 -1922
4 2 1 2 48 
4 3 1 2 131 
4 5 1 2 56 
4 1 1 2 1 
3
5 685
5 -1922
2 2 -1 1923 -1
4 5 1 4 1925 
4 9 1 4 1921 
4 3 1 4 1924 
4 14 1 2 0 
3
2 49 -1 0 -1923
4 2 1 2 0 
4 3 1 2 4 
4 5 1 2 16 
4 1 1 2 1 
3
5 687
2 101 -1 0 -1923
4 2 1 2 0 
4 3 1 2 0 
4 5 1 2 0 
4 1 1 2 4 
3
5 688
2 101 -1 0 -1923
4 2 1 2 0 
4 3 1 2 2 
4 5 1 2 172 
4 1 1 2 7 
3
5 689
2 16 -1 0 -1923
4 2 1 2 32 
4 3 1 2 32 
4 5 1 2 196 
3
5 690
2 18 -1 0 -1923
4 2 1 2 108 
4 3 1 2 57 
4 5 1 2 188 
3
5 691
2 83 -1 0 -1923
4 2 1 2 64 
4 3 1 2 29 
4 5 1 2 252 
4 1 1 2 5 
4 6 1 2 8 
4 8 1 2 32 
4 9 1 2 32 
4 10 1 2 32 
4 11 1 2 53 
4 12 1 2 51 
4 13 1 2 49 
4 14 1 2 32 
4 15 1 2 32 
4 16 1 2 32 
4 17 1 2 32 
4 18 1 2 32 
4 19 1 2 32 
4 20 1 2 32 
4 21 1 2 32 
4 22 1 2 32 
4 23 1 2 32 
4 24 1 2 32 
4 25 1 2 32 
4 26 1 2 32 
4 27 1 2 32 
4 28 1 2 32 
4 29 1 2 32 
4 30 1 2 32 
4 31 1 2 32 
4 32 1 2 32 
4 33 1 2 32 
4 34 1 2 32 
4 35 1 2 32 
4 36 1 2 32 
4 37 1 2 32 
4 38 1 2 32 
4 39 1 2 32 
4 40 1 2 32 
4 41 1 2 32 
4 42 1 2 32 
4 43 1 2 32 
4 44 1 2 32 
4 45 1 2 32 
4 46 1 2 32 
4 47 1 2 32 
3
5 692
2 65 -1 0 -1923
4 2 1 2 32 
4 3 1 2 158 
4 5 1 2 1 
4 8 1 2 0 
3
5 693
2 88 -1 0 -1923
4 2 1 2 68 
4 3 1 2 7 
4 5 1 2 252 
4 6 1 2 6 
4 8 1 2 0 
4 9 1 2 0 
3
5 694
2 36 -1 0 -1923
4 2 1 2 132 
4 3 1 2 33 
4 5 1 2 0 
3
5 695
2 18 -1 0 -1923
4 2 1 2 4 
4 3 1 2 49 
4 5 1 2 188 
4 1 1 2 1 
3
5 696
5 -1923
2 2 -1 1924 -1
4 7 1 4 1923 
4 12 1 4 0 
4 14 1 2 2 
3
2 49 -1 0 -1924
4 2 1 2 0 
4 3 1 2 4 
4 5 1 2 220 
4 1 1 2 1 
3
5 698
2 101 -1 0 -1924
4 2 1 2 0 
4 3 1 2 0 
4 5 1 2 204 
4 1 1 2 4 
3
5 699
2 29 -1 0 -1924
4 2 1 2 92 
4 3 1 2 152 
4 5 1 2 16 
4 8 1 2 3 
4 9 1 2 0 
4 10 1 2 0 
3
5 700
2 39 -1 0 -1924
4 2 1 2 48 
4 3 1 2 31 
4 5 1 2 56 
4 8 1 2 1 
3
5 701
2 102 -1 0 -1924
4 2 1 2 20 
4 3 1 2 104 
4 5 1 2 8 
4 1 1 2 1 
4 6 1 2 2 
3
5 702
2 30 -1 0 -1924
4 2 1 2 16 
4 3 1 2 33 
4 5 1 2 244 
4 8 1 2 2 
4 9 1 2 0 
4 10 1 2 0 
3
5 703
2 5 -1 0 -1924
4 2 1 2 100 
4 3 1 2 195 
4 5 1 2 0 
4 6 1 2 1 
4 8 1 2 1 
3
5 704
2 45 -1 0 -1924
4 2 1 2 144 
4 3 1 2 147 
4 5 1 2 0 
4 1 1 2 1 
4 8 1 2 3 
4 9 1 2 0 
4 10 1 2 0 
3
5 705
2 102 -1 0 -1924
4 2 1 2 68 
4 3 1 2 63 
4 5 1 2 8 
4 1 1 2 1 
4 6 1 2 1 
3
5 706
2 19 -1 0 -1924
4 2 1 2 96 
4 3 1 2 130 
4 5 1 2 41 
4 1 1 2 1 
3
5 707
2 19 -1 0 -1924
4 2 1 2 44 
4 3 1 2 131 
4 5 1 2 40 
4 1 1 2 1 
3
5 708
5 -1924
2 2 -1 1925 -1
4 5 1 4 1926 
4 9 1 4 1923 
4 14 1 2 0 
3
2 49 -1 0 -1925
4 2 1 2 0 
4 3 1 2 4 
4 5 1 2 16 
3
5 710
2 84 -1 0 -1925
4 2 1 2 0 
4 3 1 2 0 
4 5 1 2 244 
4 1 1 2 4 
3
5 711
2 88 -1 0 -1925
4 2 1 2 68 
4 3 1 2 12 
4 5 1 2 252 
4 8 1 2 0 
4 9 1 2 0 
3
5 712
2 83 -1 0 -1925
4 2 1 2 100 
4 3 1 2 30 
4 5 1 2 16 
4 1 1 2 5 
4 6 1 2 5 
4 8 1 2 83 
4 9 1 2 116 
4 10 1 2 114 
4 11 1 2 101 
4 12 1 2 101 
4 13 1 2 116 
4 14 1 2 82 
4 15 1 2 100 
4 16 1 2 32 
4 17 1 2 32 
4 18 1 2 32 
4 19 1 2 32 
4 20 1 2 32 
4 21 1 2 32 
4 22 1 2 32 
4 23 1 2 32 
4 24 1 2 32 
4 25 1 2 32 
4 26 1 2 32 
4 27 1 2 32 
4 28 1 2 32 
4 29 1 2 32 
4 30 1 2 32 
4 31 1 2 32 
4 32 1 2 32 
4 33 1 2 32 
4 34 1 2 32 
4 35 1 2 32 
4 36 1 2 32 
4 37 1 2 32 
4 38 1 2 32 
4 39 1 2 32 
4 40 1 2 32 
4 41 1 2 32 
4 42 1 2 32 
4 43 1 2 32 
4 44 1 2 32 
4 45 1 2 32 
4 46 1 2 32 
4 47 1 2 32 
3
5 713
2 71 -1 0 -1925
4 2 1 2 92 
4 3 1 2 30 
4 5 1 2 49 
4 1 1 2 2 
4 8 1 2 1 
3
5 714
2 93 -1 0 -1925
4 2 1 2 24 
4 3 1 2 132 
4 5 1 2 24 
4 8 1 2 0 
3
5 715
5 -1925
2 2 -1 1926 -1
4 5 1 4 1928 
4 9 1 4 1925 
4 3 1 4 1927 
4 14 1 2 0 
3
2 49 -1 0 -1926
4 2 1 2 0 
4 3 1 2 4 
4 5 1 2 16 
4 1 1 2 1 
3
5 717
2 101 -1 0 -1926
4 2 1 2 0 
4 3 1 2 0 
4 5 1 2 0 
4 1 1 2 4 
3
5 718
2 101 -1 0 -1926
4 2 1 2 0 
4 3 1 2 2 
4 5 1 2 236 
4 1 1 2 7 
3
5 719
2 16 -1 0 -1926
4 2 1 2 32 
4 3 1 2 32 
4 5 1 2 172 
3
5 720
2 18 -1 0 -1926
4 2 1 2 28 
4 3 1 2 57 
4 5 1 2 172 
3
5 721
2 83 -1 0 -1926
4 2 1 2 64 
4 3 1 2 29 
4 5 1 2 252 
4 1 1 2 5 
4 6 1 2 8 
4 8 1 2 32 
4 9 1 2 32 
4 10 1 2 54 
4 11 1 2 51 
4 12 1 2 49 
4 13 1 2 32 
4 14 1 2 32 
4 15 1 2 32 
4 16 1 2 32 
4 17 1 2 32 
4 18 1 2 32 
4 19 1 2 32 
4 20 1 2 32 
4 21 1 2 32 
4 22 1 2 32 
4 23 1 2 32 
4 24 1 2 32 
4 25 1 2 32 
4 26 1 2 32 
4 27 1 2 32 
4 28 1 2 32 
4 29 1 2 32 
4 30 1 2 32 
4 31 1 2 32 
4 32 1 2 32 
4 33 1 2 32 
4 34 1 2 32 
4 35 1 2 32 
4 36 1 2 32 
4 37 1 2 32 
4 38 1 2 32 
4 39 1 2 32 
4 40 1 2 32 
4 41 1 2 32 
4 42 1 2 32 
4 43 1 2 32 
4 44 1 2 32 
4 45 1 2 32 
4 46 1 2 32 
4 47 1 2 32 
3
5 722
2 65 -1 0 -1926
4 2 1 2 88 
4 3 1 2 158 
4 5 1 2 17 
4 8 1 2 0 
3
5 723
2 88 -1 0 -1926
4 2 1 2 68 
4 3 1 2 7 
4 5 1 2 252 
4 6 1 2 6 
4 8 1 2 0 
4 9 1 2 0 
3
5 724
2 36 -1 0 -1926
4 2 1 2 132 
4 3 1 2 33 
4 5 1 2 0 
3
5 725
5 -1926
2 2 -1 1927 -1
4 7 1 4 1926 
4 12 1 4 0 
4 14 1 2 2 
3
2 49 -1 0 -1927
4 2 1 2 0 
4 3 1 2 4 
4 5 1 2 0 
4 1 1 2 1 
3
5 727
2 101 -1 0 -1927
4 2 1 2 0 
4 3 1 2 0 
4 5 1 2 72 
4 1 1 2 4 
3
5 728
2 91 -1 0 -1927
4 2 1 2 48 
4 3 1 2 153 
4 5 1 2 204 
4 8 1 2 3 
4 9 1 2 0 
4 10 1 2 0 
3
5 729
2 21 -1 0 -1927
4 2 1 2 112 
4 3 1 2 32 
4 5 1 2 196 
4 8 1 2 2 
4 9 1 2 0 
4 10 1 2 0 
3
5 730
2 39 -1 0 -1927
4 2 1 2 140 
4 3 1 2 135 
4 5 1 2 48 
4 8 1 2 1 
3
5 731
2 30 -1 0 -1927
4 2 1 2 8 
4 3 1 2 33 
4 5 1 2 156 
4 8 1 2 2 
4 9 1 2 0 
4 10 1 2 0 
3
5 732
2 9 -1 0 -1927
4 2 1 2 84 
4 3 1 2 131 
4 5 1 2 244 
3
5 733
5 -1927
2 2 -1 1928 -1
4 5 1 4 1930 
4 9 1 4 1926 
4 3 1 4 1929 
4 14 1 2 0 
3
2 49 -1 0 -1928
4 2 1 2 0 
4 3 1 2 4 
4 5 1 2 16 
4 1 1 2 1 
3
5 735
2 101 -1 0 -1928
4 2 1 2 0 
4 3 1 2 0 
4 5 1 2 0 
4 1 1 2 4 
3
5 736
2 101 -1 0 -1928
4 2 1 2 0 
4 3 1 2 2 
4 5 1 2 172 
4 1 1 2 7 
3
5 737
2 16 -1 0 -1928
4 2 1 2 24 
4 3 1 2 32 
4 5 1 2 244 
3
5 738
2 18 -1 0 -1928
4 2 1 2 108 
4 3 1 2 57 
4 5 1 2 220 
3
5 739
2 83 -1 0 -1928
4 2 1 2 72 
4 3 1 2 58 
4 5 1 2 16 
4 1 1 2 5 
4 6 1 2 8 
4 8 1 2 32 
4 9 1 2 32 
4 10 1 2 32 
4 11 1 2 55 
4 12 1 2 51 
4 13 1 2 49 
4 14 1 2 32 
4 15 1 2 32 
4 16 1 2 32 
4 17 1 2 32 
4 18 1 2 32 
4 19 1 2 32 
4 20 1 2 32 
4 21 1 2 32 
4 22 1 2 32 
4 23 1 2 32 
4 24 1 2 32 
4 25 1 2 32 
4 26 1 2 32 
4 27 1 2 32 
4 28 1 2 32 
4 29 1 2 32 
4 30 1 2 32 
4 31 1 2 32 
4 32 1 2 32 
4 33 1 2 32 
4 34 1 2 32 
4 35 1 2 32 
4 36 1 2 32 
4 37 1 2 32 
4 38 1 2 32 
4 39 1 2 32 
4 40 1 2 32 
4 41 1 2 32 
4 42 1 2 32 
4 43 1 2 32 
4 44 1 2 32 
4 45 1 2 32 
4 46 1 2 32 
4 47 1 2 32 
3
5 740
2 65 -1 0 -1928
4 2 1 2 20 
4 3 1 2 151 
4 5 1 2 17 
4 8 1 2 0 
3
5 741
2 36 -1 0 -1928
4 2 1 2 64 
4 3 1 2 33 
4 5 1 2 0 
3
5 742
2 36 -1 0 -1928
4 2 1 2 92 
4 3 1 2 33 
4 5 1 2 0 
4 6 1 2 2 
3
5 743
2 71 -1 0 -1928
4 2 1 2 12 
4 3 1 2 31 
4 5 1 2 32 
4 1 1 2 2 
4 8 1 2 1 
3
5 744
2 36 -1 0 -1928
4 2 1 2 108 
4 3 1 2 161 
4 5 1 2 0 
4 6 1 2 2 
3
5 745
2 36 -1 0 -1928
4 2 1 2 132 
4 3 1 2 33 
4 5 1 2 0 
3
5 746
2 88 -1 0 -1928
4 2 1 2 68 
4 3 1 2 7 
4 5 1 2 252 
4 6 1 2 6 
4 8 1 2 0 
4 9 1 2 0 
3
5 747
5 -1928
2 2 -1 1929 -1
4 7 1 4 1928 
4 12 1 4 0 
4 14 1 2 2 
3
2 49 -1 0 -1929
4 2 1 2 0 
4 3 1 2 4 
4 5 1 2 0 
4 1 1 2 1 
3
5 749
2 101 -1 0 -1929
4 2 1 2 0 
4 3 1 2 0 
4 5 1 2 80 
4 1 1 2 4 
3
5 750
2 91 -1 0 -1929
4 2 1 2 20 
4 3 1 2 131 
4 5 1 2 212 
4 8 1 2 3 
4 9 1 2 0 
4 10 1 2 0 
3
5 751
2 21 -1 0 -1929
4 2 1 2 116 
4 3 1 2 32 
4 5 1 2 204 
4 8 1 2 2 
4 9 1 2 0 
4 10 1 2 0 
3
5 752
2 25 -1 0 -1929
4 2 1 2 56 
4 3 1 2 138 
4 5 1 2 228 
3
5 753
2 30 -1 0 -1929
4 2 1 2 28 
4 3 1 2 33 
4 5 1 2 148 
4 8 1 2 2 
4 9 1 2 0 
4 10 1 2 0 
3
5 754
2 39 -1 0 -1929
4 2 1 2 8 
4 3 1 2 31 
4 5 1 2 0 
4 8 1 2 1 
3
5 755
5 -1929
2 2 -1 1930 -1
4 5 1 4 1932 
4 9 1 4 1928 
4 3 1 4 1931 
4 14 1 2 0 
3
2 49 -1 0 -1930
4 2 1 2 0 
4 3 1 2 4 
4 5 1 2 16 
4 1 1 2 1 
3
5 757
2 101 -1 0 -1930
4 2 1 2 0 
4 3 1 2 0 
4 5 1 2 0 
4 1 1 2 4 
3
5 758
2 101 -1 0 -1930
4 2 1 2 0 
4 3 1 2 2 
4 5 1 2 172 
4 1 1 2 7 
3
5 759
2 16 -1 0 -1930
4 2 1 2 72 
4 3 1 2 32 
4 5 1 2 173 
3
5 760
2 71 -1 0 -1930
4 2 1 2 76 
4 3 1 2 50 
4 5 1 2 16 
4 1 1 2 1 
4 8 1 2 1 
3
5 761
2 18 -1 0 -1930
4 2 1 2 28 
4 3 1 2 58 
4 5 1 2 172 
4 1 1 2 1 
3
5 762
2 65 -1 0 -1930
4 2 1 2 124 
4 3 1 2 155 
4 5 1 2 16 
4 8 1 2 0 
3
5 763
2 71 -1 0 -1930
4 2 1 2 136 
4 3 1 2 49 
4 5 1 2 88 
4 8 1 2 1 
3
5 764
2 71 -1 0 -1930
4 2 1 2 72 
4 3 1 2 36 
4 5 1 2 173 
4 1 1 2 1 
4 8 1 2 1 
3
5 765
2 83 -1 0 -1930
4 2 1 2 124 
4 3 1 2 29 
4 5 1 2 252 
4 1 1 2 5 
4 6 1 2 8 
4 8 1 2 32 
4 9 1 2 32 
4 10 1 2 32 
4 11 1 2 56 
4 12 1 2 51 
4 13 1 2 49 
4 14 1 2 32 
4 15 1 2 32 
4 16 1 2 32 
4 17 1 2 32 
4 18 1 2 32 
4 19 1 2 32 
4 20 1 2 32 
4 21 1 2 32 
4 22 1 2 32 
4 23 1 2 32 
4 24 1 2 32 
4 25 1 2 32 
4 26 1 2 32 
4 27 1 2 32 
4 28 1 2 32 
4 29 1 2 32 
4 30 1 2 32 
4 31 1 2 32 
4 32 1 2 32 
4 33 1 2 32 
4 34 1 2 32 
4 35 1 2 32 
4 36 1 2 32 
4 37 1 2 32 
4 38 1 2 32 
4 39 1 2 32 
4 40 1 2 32 
4 41 1 2 32 
4 42 1 2 32 
4 43 1 2 32 
4 44 1 2 32 
4 45 1 2 32 
4 46 1 2 32 
4 47 1 2 32 
3
5 766
2 88 -1 0 -1930
4 2 1 2 68 
4 3 1 2 7 
4 5 1 2 252 
4 6 1 2 6 
4 8 1 2 0 
4 9 1 2 0 
3
5 767
5 -1930
2 2 -1 1931 -1
4 7 1 4 1930 
4 12 1 4 0 
4 14 1 2 2 
3
2 49 -1 0 -1931
4 2 1 2 0 
4 3 1 2 4 
4 5 1 2 16 
4 1 1 2 1 
3
5 769
2 101 -1 0 -1931
4 2 1 2 0 
4 3 1 2 0 
4 5 1 2 80 
4 1 1 2 4 
3
5 770
2 91 -1 0 -1931
4 2 1 2 56 
4 3 1 2 129 
4 5 1 2 0 
4 8 1 2 3 
4 9 1 2 0 
4 10 1 2 0 
3
5 771
2 21 -1 0 -1931
4 2 1 2 8 
4 3 1 2 32 
4 5 1 2 236 
4 8 1 2 2 
4 9 1 2 0 
4 10 1 2 0 
3
5 772
2 19 -1 0 -1931
4 2 1 2 44 
4 3 1 2 138 
4 5 1 2 204 
3
5 773
2 30 -1 0 -1931
4 2 1 2 120 
4 3 1 2 33 
4 5 1 2 16 
4 8 1 2 2 
4 9 1 2 0 
4 10 1 2 0 
3
5 774
2 39 -1 0 -1931
4 2 1 2 72 
4 3 1 2 31 
4 5 1 2 172 
4 8 1 2 1 
3
5 775
2 19 -1 0 -1931
4 2 1 2 88 
4 3 1 2 138 
4 5 1 2 204 
3
5 776
5 -1931
2 2 -1 1932 -1
4 5 1 4 1934 
4 9 1 4 1930 
4 3 1 4 1933 
4 14 1 2 0 
3
2 49 -1 0 -1932
4 2 1 2 0 
4 3 1 2 4 
4 5 1 2 16 
4 1 1 2 1 
3
5 778
2 101 -1 0 -1932
4 2 1 2 0 
4 3 1 2 0 
4 5 1 2 0 
4 1 1 2 4 
3
5 779
2 101 -1 0 -1932
4 2 1 2 0 
4 3 1 2 2 
4 5 1 2 172 
4 1 1 2 7 
3
5 780
2 16 -1 0 -1932
4 2 1 2 60 
4 3 1 2 32 
4 5 1 2 205 
3
5 781
2 18 -1 0 -1932
4 2 1 2 52 
4 3 1 2 43 
4 5 1 2 96 
4 1 1 2 1 
3
5 782
2 18 -1 0 -1932
4 2 1 2 8 
4 3 1 2 58 
4 5 1 2 172 
4 1 1 2 1 
3
5 783
2 65 -1 0 -1932
4 2 1 2 112 
4 3 1 2 157 
4 5 1 2 16 
4 8 1 2 0 
3
5 784
2 71 -1 0 -1932
4 2 1 2 124 
4 3 1 2 62 
4 5 1 2 172 
4 8 1 2 1 
3
5 785
2 83 -1 0 -1932
4 2 1 2 52 
4 3 1 2 29 
4 5 1 2 252 
4 1 1 2 5 
4 6 1 2 8 
4 8 1 2 32 
4 9 1 2 32 
4 10 1 2 32 
4 11 1 2 57 
4 12 1 2 51 
4 13 1 2 49 
4 14 1 2 32 
4 15 1 2 32 
4 16 1 2 32 
4 17 1 2 32 
4 18 1 2 32 
4 19 1 2 32 
4 20 1 2 32 
4 21 1 2 32 
4 22 1 2 32 
4 23 1 2 32 
4 24 1 2 32 
4 25 1 2 32 
4 26 1 2 32 
4 27 1 2 32 
4 28 1 2 32 
4 29 1 2 32 
4 30 1 2 32 
4 31 1 2 32 
4 32 1 2 32 
4 33 1 2 32 
4 34 1 2 32 
4 35 1 2 32 
4 36 1 2 32 
4 37 1 2 32 
4 38 1 2 32 
4 39 1 2 32 
4 40 1 2 32 
4 41 1 2 32 
4 42 1 2 32 
4 43 1 2 32 
4 44 1 2 32 
4 45 1 2 32 
4 46 1 2 32 
4 47 1 2 32 
3
5 786
2 88 -1 0 -1932
4 2 1 2 68 
4 3 1 2 7 
4 5 1 2 252 
4 6 1 2 6 
4 8 1 2 0 
4 9 1 2 0 
3
5 787
5 -1932
2 2 -1 1933 -1
4 7 1 4 1932 
4 12 1 4 0 
4 14 1 2 2 
3
2 49 -1 0 -1933
4 2 1 2 0 
4 3 1 2 4 
4 5 1 2 220 
4 1 1 2 1 
3
5 789
2 101 -1 0 -1933
4 2 1 2 0 
4 3 1 2 0 
4 5 1 2 172 
4 1 1 2 4 
3
5 790
2 102 -1 0 -1933
4 2 1 2 48 
4 3 1 2 56 
4 5 1 2 0 
4 1 1 2 1 
3
5 791
2 25 -1 0 -1933
4 2 1 2 44 
4 3 1 2 130 
4 5 1 2 0 
3
5 792
2 21 -1 0 -1933
4 2 1 2 8 
4 3 1 2 32 
4 5 1 2 252 
4 8 1 2 2 
4 9 1 2 0 
4 10 1 2 0 
3
5 793
2 30 -1 0 -1933
4 2 1 2 120 
4 3 1 2 33 
4 5 1 2 172 
4 8 1 2 2 
4 9 1 2 0 
4 10 1 2 0 
3
5 794
2 39 -1 0 -1933
4 2 1 2 100 
4 3 1 2 133 
4 5 1 2 48 
4 8 1 2 1 
3
5 795
2 102 -1 0 -1933
4 2 1 2 88 
4 3 1 2 56 
4 5 1 2 0 
4 1 1 2 1 
3
5 796
2 56 -1 0 -1933
4 2 1 2 8 
4 3 1 2 131 
4 5 1 2 120 
3
5 797
2 60 -1 0 -1933
4 2 1 2 12 
4 3 1 2 87 
4 5 1 2 0 
4 1 1 2 3 
4 6 1 2 3 
4 8 1 2 0 
3
5 798
5 -1933
2 2 -1 1934 -1
4 5 1 4 1914 
4 9 1 4 1932 
4 3 1 4 1935 
4 14 1 2 0 
3
2 49 -1 0 -1934
4 2 1 2 0 
4 3 1 2 4 
4 5 1 2 16 
4 1 1 2 1 
3
5 800
2 101 -1 0 -1934
4 2 1 2 0 
4 3 1 2 0 
4 5 1 2 0 
4 1 1 2 4 
3
5 801
2 101 -1 0 -1934
4 2 1 2 0 
4 3 1 2 2 
4 5 1 2 172 
4 1 1 2 7 
3
5 802
2 16 -1 0 -1934
4 2 1 2 36 
4 3 1 2 32 
4 5 1 2 220 
3
5 803
2 18 -1 0 -1934
4 2 1 2 96 
4 3 1 2 56 
4 5 1 2 172 
3
5 804
2 18 -1 0 -1934
4 2 1 2 16 
4 3 1 2 58 
4 5 1 2 172 
3
5 805
2 65 -1 0 -1934
4 2 1 2 76 
4 3 1 2 155 
4 5 1 2 0 
4 8 1 2 0 
3
5 806
2 18 -1 0 -1934
4 2 1 2 124 
4 3 1 2 42 
4 5 1 2 172 
3
5 807
2 83 -1 0 -1934
4 2 1 2 8 
4 3 1 2 29 
4 5 1 2 252 
4 1 1 2 5 
4 6 1 2 8 
4 8 1 2 32 
4 9 1 2 32 
4 10 1 2 49 
4 11 1 2 48 
4 12 1 2 51 
4 13 1 2 49 
4 14 1 2 32 
4 15 1 2 32 
4 16 1 2 32 
4 17 1 2 32 
4 18 1 2 32 
4 19 1 2 32 
4 20 1 2 32 
4 21 1 2 32 
4 22 1 2 32 
4 23 1 2 32 
4 24 1 2 32 
4 25 1 2 32 
4 26 1 2 32 
4 27 1 2 32 
4 28 1 2 32 
4 29 1 2 32 
4 30 1 2 32 
4 31 1 2 32 
4 32 1 2 32 
4 33 1 2 32 
4 34 1 2 32 
4 35 1 2 32 
4 36 1 2 32 
4 37 1 2 32 
4 38 1 2 32 
4 39 1 2 32 
4 40 1 2 32 
4 41 1 2 32 
4 42 1 2 32 
4 43 1 2 32 
4 44 1 2 32 
4 45 1 2 32 
4 46 1 2 32 
4 47 1 2 32 
3
5 808
2 88 -1 0 -1934
4 2 1 2 68 
4 3 1 2 7 
4 5 1 2 252 
4 6 1 2 6 
4 8 1 2 0 
4 9 1 2 0 
3
5 809
5 -1934
2 2 -1 1935 -1
4 7 1 4 1934 
4 12 1 4 0 
4 14 1 2 2 
3
2 49 -1 0 -1935
4 2 1 2 0 
4 3 1 2 4 
4 5 1 2 16 
4 1 1 2 1 
3
5 811
2 101 -1 0 -1935
4 2 1 2 0 
4 3 1 2 0 
4 5 1 2 24 
4 1 1 2 4 
3
5 812
2 29 -1 0 -1935
4 2 1 2 96 
4 3 1 2 156 
4 5 1 2 164 
4 8 1 2 3 
4 9 1 2 0 
4 10 1 2 0 
3
5 813
2 102 -1 0 -1935
4 2 1 2 52 
4 3 1 2 60 
4 5 1 2 0 
3
5 814
2 102 -1 0 -1935
4 2 1 2 68 
4 3 1 2 67 
4 5 1 2 0 
4 6 1 2 2 
3
5 815
2 30 -1 0 -1935
4 2 1 2 16 
4 3 1 2 33 
4 5 1 2 148 
4 8 1 2 2 
4 9 1 2 0 
4 10 1 2 0 
3
5 816
2 39 -1 0 -1935
4 2 1 2 60 
4 3 1 2 130 
4 5 1 2 188 
4 8 1 2 1 
3
5 817
2 19 -1 0 -1935
4 2 1 2 96 
4 3 1 2 130 
4 5 1 2 57 
4 1 1 2 1 
3
5 818
2 19 -1 0 -1935
4 2 1 2 48 
4 3 1 2 131 
4 5 1 2 56 
4 1 1 2 1 
3
5 819
5 -1935
2 2 -1 1936 -1
4 5 1 4 1915 
4 14 1 2 0 
3
2 49 -1 0 -1936
4 2 1 2 0 
4 3 1 2 4 
4 5 1 2 16 
4 1 1 2 1 
3
5 821
2 101 -1 0 -1936
4 2 1 2 0 
4 3 1 2 0 
4 5 1 2 0 
4 1 1 2 4 
3
5 822
2 101 -1 0 -1936
4 2 1 2 0 
4 3 1 2 2 
4 5 1 2 172 
4 1 1 2 7 
3
5 823
2 93 -1 0 -1936
4 2 1 2 44 
4 3 1 2 130 
4 5 1 2 8 
4 8 1 2 0 
3
5 824
2 18 -1 0 -1936
4 2 1 2 108 
4 3 1 2 56 
4 5 1 2 8 
3
5 825
2 18 -1 0 -1936
4 2 1 2 12 
4 3 1 2 58 
4 5 1 2 188 
3
5 826
2 18 -1 0 -1936
4 2 1 2 76 
4 3 1 2 156 
4 5 1 2 172 
3
5 827
2 88 -1 0 -1936
4 2 1 2 68 
4 3 1 2 7 
4 5 1 2 252 
4 6 1 2 4 
4 8 1 2 0 
4 9 1 2 0 
3
5 828
5 -1936
2 2 -1 1937 -1
4 9 1 4 1957 
4 14 1 2 0 
3
2 49 -1 0 -1937
4 2 1 2 0 
4 3 1 2 4 
4 5 1 2 8 
4 1 1 2 1 
3
5 830
2 101 -1 0 -1937
4 2 1 2 0 
4 3 1 2 0 
4 5 1 2 0 
4 1 1 2 4 
3
5 831
2 101 -1 0 -1937
4 2 1 2 0 
4 3 1 2 2 
4 5 1 2 56 
4 1 1 2 7 
3
5 832
2 93 -1 0 -1937
4 2 1 2 100 
4 3 1 2 132 
4 5 1 2 228 
4 8 1 2 0 
3
5 833
2 18 -1 0 -1937
4 2 1 2 76 
4 3 1 2 57 
4 5 1 2 172 
3
5 834
2 88 -1 0 -1937
4 2 1 2 68 
4 3 1 2 7 
4 5 1 2 236 
4 6 1 2 3 
4 8 1 2 0 
4 9 1 2 0 
3
5 835
2 18 -1 0 -1937
4 2 1 2 4 
4 3 1 2 49 
4 5 1 2 188 
4 1 1 2 1 
3
5 836
5 -1937
2 2 -1 1938 -1
4 5 1 4 1940 
4 9 1 4 1959 
4 3 1 4 1939 
4 14 1 2 0 
3
2 49 -1 0 -1938
4 2 1 2 0 
4 3 1 2 4 
4 5 1 2 8 
4 1 1 2 1 
3
5 838
2 101 -1 0 -1938
4 2 1 2 0 
4 3 1 2 0 
4 5 1 2 0 
4 1 1 2 4 
3
5 839
2 101 -1 0 -1938
4 2 1 2 0 
4 3 1 2 2 
4 5 1 2 236 
4 1 1 2 7 
3
5 840
2 16 -1 0 -1938
4 2 1 2 32 
4 3 1 2 32 
4 5 1 2 1 
3
5 841
2 18 -1 0 -1938
4 2 1 2 32 
4 3 1 2 57 
4 5 1 2 172 
3
5 842
2 83 -1 0 -1938
4 2 1 2 24 
4 3 1 2 32 
4 5 1 2 16 
4 1 1 2 5 
4 6 1 2 8 
4 8 1 2 32 
4 9 1 2 32 
4 10 1 2 32 
4 11 1 2 49 
4 12 1 2 51 
4 13 1 2 50 
4 14 1 2 32 
4 15 1 2 32 
4 16 1 2 32 
4 17 1 2 32 
4 18 1 2 32 
4 19 1 2 32 
4 20 1 2 32 
4 21 1 2 32 
4 22 1 2 32 
4 23 1 2 32 
4 24 1 2 32 
4 25 1 2 32 
4 26 1 2 32 
4 27 1 2 32 
4 28 1 2 32 
4 29 1 2 32 
4 30 1 2 32 
4 31 1 2 32 
4 32 1 2 32 
4 33 1 2 32 
4 34 1 2 32 
4 35 1 2 32 
4 36 1 2 32 
4 37 1 2 32 
4 38 1 2 32 
4 39 1 2 32 
4 40 1 2 32 
4 41 1 2 32 
4 42 1 2 32 
4 43 1 2 32 
4 44 1 2 32 
4 45 1 2 32 
4 46 1 2 32 
4 47 1 2 32 
3
5 843
2 65 -1 0 -1938
4 2 1 2 88 
4 3 1 2 158 
4 5 1 2 17 
4 8 1 2 0 
3
5 844
2 88 -1 0 -1938
4 2 1 2 68 
4 3 1 2 7 
4 5 1 2 24 
4 6 1 2 6 
4 8 1 2 0 
4 9 1 2 0 
3
5 845
5 -1938
2 2 -1 1939 -1
4 7 1 4 1938 
4 12 1 4 0 
4 14 1 2 2 
3
2 49 -1 0 -1939
4 2 1 2 0 
4 3 1 2 4 
4 5 1 2 16 
4 1 1 2 1 
3
5 847
2 101 -1 0 -1939
4 2 1 2 0 
4 3 1 2 0 
4 5 1 2 80 
4 1 1 2 4 
3
5 848
2 91 -1 0 -1939
4 2 1 2 48 
4 3 1 2 129 
4 5 1 2 188 
4 8 1 2 3 
4 9 1 2 0 
4 10 1 2 0 
3
5 849
2 21 -1 0 -1939
4 2 1 2 20 
4 3 1 2 32 
4 5 1 2 204 
4 8 1 2 2 
4 9 1 2 0 
4 10 1 2 0 
3
5 850
2 25 -1 0 -1939
4 2 1 2 88 
4 3 1 2 138 
4 5 1 2 228 
3
5 851
2 30 -1 0 -1939
4 2 1 2 120 
4 3 1 2 33 
4 5 1 2 16 
4 8 1 2 2 
4 9 1 2 0 
4 10 1 2 0 
3
5 852
2 39 -1 0 -1939
4 2 1 2 72 
4 3 1 2 31 
4 5 1 2 188 
4 8 1 2 1 
3
5 853
5 -1939
2 2 -1 1940 -1
4 5 1 4 1942 
4 9 1 4 1938 
4 3 1 4 1941 
4 14 1 2 0 
3
2 49 -1 0 -1940
4 2 1 2 0 
4 3 1 2 4 
4 5 1 2 8 
4 1 1 2 1 
3
5 855
2 101 -1 0 -1940
4 2 1 2 0 
4 3 1 2 0 
4 5 1 2 0 
4 1 1 2 4 
3
5 856
2 101 -1 0 -1940
4 2 1 2 0 
4 3 1 2 2 
4 5 1 2 112 
4 1 1 2 7 
3
5 857
2 16 -1 0 -1940
4 2 1 2 32 
4 3 1 2 32 
4 5 1 2 188 
3
5 858
2 18 -1 0 -1940
4 2 1 2 108 
4 3 1 2 57 
4 5 1 2 172 
3
5 859
2 83 -1 0 -1940
4 2 1 2 72 
4 3 1 2 186 
4 5 1 2 16 
4 1 1 2 5 
4 6 1 2 8 
4 8 1 2 32 
4 9 1 2 32 
4 10 1 2 32 
4 11 1 2 50 
4 12 1 2 51 
4 13 1 2 50 
4 14 1 2 32 
4 15 1 2 32 
4 16 1 2 32 
4 17 1 2 32 
4 18 1 2 32 
4 19 1 2 32 
4 20 1 2 32 
4 21 1 2 32 
4 22 1 2 32 
4 23 1 2 32 
4 24 1 2 32 
4 25 1 2 32 
4 26 1 2 32 
4 27 1 2 32 
4 28 1 2 32 
4 29 1 2 32 
4 30 1 2 32 
4 31 1 2 32 
4 32 1 2 32 
4 33 1 2 32 
4 34 1 2 32 
4 35 1 2 32 
4 36 1 2 32 
4 37 1 2 32 
4 38 1 2 32 
4 39 1 2 32 
4 40 1 2 32 
4 41 1 2 32 
4 42 1 2 32 
4 43 1 2 32 
4 44 1 2 32 
4 45 1 2 32 
4 46 1 2 32 
4 47 1 2 32 
3
5 860
2 65 -1 0 -1940
4 2 1 2 24 
4 3 1 2 154 
4 5 1 2 1 
4 8 1 2 0 
3
5 861
2 36 -1 0 -1940
4 2 1 2 64 
4 3 1 2 33 
4 5 1 2 0 
3
5 862
2 36 -1 0 -1940
4 2 1 2 92 
4 3 1 2 33 
4 5 1 2 0 
4 6 1 2 2 
3
5 863
2 71 -1 0 -1940
4 2 1 2 80 
4 3 1 2 152 
4 5 1 2 244 
4 1 1 2 2 
4 8 1 2 1 
3
5 864
2 36 -1 0 -1940
4 2 1 2 108 
4 3 1 2 161 
4 5 1 2 0 
4 6 1 2 2 
3
5 865
2 36 -1 0 -1940
4 2 1 2 132 
4 3 1 2 33 
4 5 1 2 0 
3
5 866
2 88 -1 0 -1940
4 2 1 2 68 
4 3 1 2 7 
4 5 1 2 40 
4 6 1 2 6 
4 8 1 2 0 
4 9 1 2 0 
3
5 867
2 18 -1 0 -1940
4 2 1 2 4 
4 3 1 2 49 
4 5 1 2 172 
4 1 1 2 1 
3
5 868
5 -1940
2 2 -1 1941 -1
4 7 1 4 1940 
4 12 1 4 0 
4 14 1 2 2 
3
2 49 -1 0 -1941
4 2 1 2 0 
4 3 1 2 4 
4 5 1 2 16 
4 1 1 2 1 
3
5 870
2 101 -1 0 -1941
4 2 1 2 0 
4 3 1 2 0 
4 5 1 2 24 
4 1 1 2 4 
3
5 871
2 29 -1 0 -1941
4 2 1 2 96 
4 3 1 2 156 
4 5 1 2 164 
4 8 1 2 3 
4 9 1 2 0 
4 10 1 2 0 
3
5 872
2 102 -1 0 -1941
4 2 1 2 52 
4 3 1 2 60 
4 5 1 2 0 
3
5 873
2 102 -1 0 -1941
4 2 1 2 68 
4 3 1 2 67 
4 5 1 2 0 
4 6 1 2 2 
3
5 874
2 30 -1 0 -1941
4 2 1 2 16 
4 3 1 2 33 
4 5 1 2 148 
4 8 1 2 2 
4 9 1 2 0 
4 10 1 2 0 
3
5 875
2 39 -1 0 -1941
4 2 1 2 60 
4 3 1 2 130 
4 5 1 2 188 
4 8 1 2 1 
3
5 876
2 19 -1 0 -1941
4 2 1 2 96 
4 3 1 2 130 
4 5 1 2 57 
4 1 1 2 1 
3
5 877
2 19 -1 0 -1941
4 2 1 2 48 
4 3 1 2 131 
4 5 1 2 56 
4 1 1 2 1 
3
5 878
5 -1941
2 2 -1 1942 -1
4 5 1 4 1944 
4 9 1 4 1940 
4 3 1 4 1943 
4 14 1 2 0 
3
2 49 -1 0 -1942
4 2 1 2 0 
4 3 1 2 4 
4 5 1 2 8 
4 1 1 2 1 
3
5 880
2 101 -1 0 -1942
4 2 1 2 0 
4 3 1 2 0 
4 5 1 2 0 
4 1 1 2 4 
3
5 881
2 101 -1 0 -1942
4 2 1 2 0 
4 3 1 2 2 
4 5 1 2 172 
4 1 1 2 7 
3
5 882
2 16 -1 0 -1942
4 2 1 2 36 
4 3 1 2 32 
4 5 1 2 228 
3
5 883
2 18 -1 0 -1942
4 2 1 2 96 
4 3 1 2 56 
4 5 1 2 188 
3
5 884
2 18 -1 0 -1942
4 2 1 2 16 
4 3 1 2 58 
4 5 1 2 172 
3
5 885
2 65 -1 0 -1942
4 2 1 2 76 
4 3 1 2 155 
4 5 1 2 0 
4 8 1 2 0 
3
5 886
2 18 -1 0 -1942
4 2 1 2 124 
4 3 1 2 61 
4 5 1 2 188 
3
5 887
2 83 -1 0 -1942
4 2 1 2 8 
4 3 1 2 32 
4 5 1 2 16 
4 1 1 2 5 
4 6 1 2 8 
4 8 1 2 32 
4 9 1 2 32 
4 10 1 2 32 
4 11 1 2 51 
4 12 1 2 51 
4 13 1 2 50 
4 14 1 2 32 
4 15 1 2 32 
4 16 1 2 32 
4 17 1 2 32 
4 18 1 2 32 
4 19 1 2 32 
4 20 1 2 32 
4 21 1 2 32 
4 22 1 2 32 
4 23 1 2 32 
4 24 1 2 32 
4 25 1 2 32 
4 26 1 2 32 
4 27 1 2 32 
4 28 1 2 32 
4 29 1 2 32 
4 30 1 2 32 
4 31 1 2 32 
4 32 1 2 32 
4 33 1 2 32 
4 34 1 2 32 
4 35 1 2 32 
4 36 1 2 32 
4 37 1 2 32 
4 38 1 2 32 
4 39 1 2 32 
4 40 1 2 32 
4 41 1 2 32 
4 42 1 2 32 
4 43 1 2 32 
4 44 1 2 32 
4 45 1 2 32 
4 46 1 2 32 
4 47 1 2 32 
3
5 888
2 88 -1 0 -1942
4 2 1 2 68 
4 3 1 2 7 
4 5 1 2 32 
4 6 1 2 6 
4 8 1 2 0 
4 9 1 2 0 
3
5 889
5 -1942
2 2 -1 1943 -1
4 7 1 4 1942 
4 12 1 4 0 
4 14 1 2 2 
3
2 49 -1 0 -1943
4 2 1 2 0 
4 3 1 2 4 
4 5 1 2 220 
4 1 1 2 1 
3
5 891
2 101 -1 0 -1943
4 2 1 2 0 
4 3 1 2 0 
4 5 1 2 244 
4 1 1 2 4 
3
5 892
2 102 -1 0 -1943
4 2 1 2 48 
4 3 1 2 56 
4 5 1 2 112 
4 1 1 2 1 
3
5 893
2 25 -1 0 -1943
4 2 1 2 44 
4 3 1 2 132 
4 5 1 2 0 
3
5 894
2 21 -1 0 -1943
4 2 1 2 8 
4 3 1 2 26 
4 5 1 2 8 
4 8 1 2 2 
4 9 1 2 0 
4 10 1 2 0 
3
5 895
2 30 -1 0 -1943
4 2 1 2 120 
4 3 1 2 33 
4 5 1 2 244 
4 8 1 2 2 
4 9 1 2 0 
4 10 1 2 0 
3
5 896
2 39 -1 0 -1943
4 2 1 2 100 
4 3 1 2 133 
4 5 1 2 8 
4 8 1 2 1 
3
5 897
2 102 -1 0 -1943
4 2 1 2 88 
4 3 1 2 56 
4 5 1 2 112 
4 1 1 2 1 
3
5 898
2 56 -1 0 -1943
4 2 1 2 12 
4 3 1 2 131 
4 5 1 2 120 
3
5 899
2 60 -1 0 -1943
4 2 1 2 12 
4 3 1 2 82 
4 5 1 2 0 
4 1 1 2 3 
4 6 1 2 3 
4 8 1 2 0 
3
5 900
2 19 -1 0 -1943
4 2 1 2 112 
4 3 1 2 130 
4 5 1 2 1 
4 1 1 2 1 
3
5 901
5 -1943
2 2 -1 1944 -1
4 5 1 4 1946 
4 9 1 4 1942 
4 3 1 4 1945 
4 14 1 2 0 
3
2 49 -1 0 -1944
4 2 1 2 0 
4 3 1 2 4 
4 5 1 2 8 
4 1 1 2 1 
3
5 903
2 101 -1 0 -1944
4 2 1 2 0 
4 3 1 2 0 
4 5 1 2 244 
4 1 1 2 4 
3
5 904
2 101 -1 0 -1944
4 2 1 2 0 
4 3 1 2 2 
4 5 1 2 112 
4 1 1 2 7 
3
5 905
2 16 -1 0 -1944
4 2 1 2 32 
4 3 1 2 32 
4 5 1 2 252 
4 6 1 2 3 
3
5 906
2 18 -1 0 -1944
4 2 1 2 16 
4 3 1 2 35 
4 5 1 2 48 
4 1 1 2 3 
4 6 1 2 1 
3
5 907
2 83 -1 0 -1944
4 2 1 2 64 
4 3 1 2 32 
4 5 1 2 228 
4 1 1 2 5 
4 6 1 2 8 
4 8 1 2 32 
4 9 1 2 32 
4 10 1 2 32 
4 11 1 2 52 
4 12 1 2 51 
4 13 1 2 50 
4 14 1 2 32 
4 15 1 2 32 
4 16 1 2 32 
4 17 1 2 32 
4 18 1 2 32 
4 19 1 2 32 
4 20 1 2 32 
4 21 1 2 32 
4 22 1 2 32 
4 23 1 2 32 
4 24 1 2 32 
4 25 1 2 32 
4 26 1 2 32 
4 27 1 2 32 
4 28 1 2 32 
4 29 1 2 32 
4 30 1 2 32 
4 31 1 2 32 
4 32 1 2 32 
4 33 1 2 32 
4 34 1 2 32 
4 35 1 2 32 
4 36 1 2 32 
4 37 1 2 32 
4 38 1 2 32 
4 39 1 2 32 
4 40 1 2 32 
4 41 1 2 32 
4 42 1 2 32 
4 43 1 2 32 
4 44 1 2 32 
4 45 1 2 32 
4 46 1 2 32 
4 47 1 2 32 
3
5 908
2 65 -1 0 -1944
4 2 1 2 92 
4 3 1 2 158 
4 5 1 2 0 
4 8 1 2 0 
3
5 909
2 88 -1 0 -1944
4 2 1 2 68 
4 3 1 2 7 
4 5 1 2 204 
4 6 1 2 6 
4 8 1 2 0 
4 9 1 2 0 
3
5 910
5 -1944
2 2 -1 1945 -1
4 7 1 4 1944 
4 12 1 4 0 
4 14 1 2 2 
3
2 49 -1 0 -1945
4 2 1 2 0 
4 3 1 2 4 
4 5 1 2 0 
4 1 1 2 1 
3
5 912
2 101 -1 0 -1945
4 2 1 2 0 
4 3 1 2 0 
4 5 1 2 72 
4 1 1 2 4 
3
5 913
2 91 -1 0 -1945
4 2 1 2 48 
4 3 1 2 153 
4 5 1 2 204 
4 8 1 2 3 
4 9 1 2 0 
4 10 1 2 0 
3
5 914
2 21 -1 0 -1945
4 2 1 2 112 
4 3 1 2 32 
4 5 1 2 196 
4 8 1 2 2 
4 9 1 2 0 
4 10 1 2 0 
3
5 915
2 39 -1 0 -1945
4 2 1 2 140 
4 3 1 2 135 
4 5 1 2 48 
4 8 1 2 1 
3
5 916
2 30 -1 0 -1945
4 2 1 2 8 
4 3 1 2 33 
4 5 1 2 156 
4 8 1 2 2 
4 9 1 2 0 
4 10 1 2 0 
3
5 917
2 9 -1 0 -1945
4 2 1 2 84 
4 3 1 2 131 
4 5 1 2 244 
3
5 918
5 -1945
2 2 -1 1946 -1
4 5 1 4 1948 
4 9 1 4 1944 
4 3 1 4 1947 
4 14 1 2 0 
3
2 49 -1 0 -1946
4 2 1 2 0 
4 3 1 2 4 
4 5 1 2 8 
4 1 1 2 1 
3
5 920
2 101 -1 0 -1946
4 2 1 2 0 
4 3 1 2 0 
4 5 1 2 0 
4 1 1 2 4 
3
5 921
2 101 -1 0 -1946
4 2 1 2 0 
4 3 1 2 2 
4 5 1 2 188 
4 1 1 2 7 
3
5 922
2 16 -1 0 -1946
4 2 1 2 32 
4 3 1 2 32 
4 5 1 2 196 
3
5 923
2 18 -1 0 -1946
4 2 1 2 108 
4 3 1 2 57 
4 5 1 2 188 
3
5 924
2 83 -1 0 -1946
4 2 1 2 72 
4 3 1 2 56 
4 5 1 2 16 
4 1 1 2 5 
4 6 1 2 8 
4 8 1 2 32 
4 9 1 2 32 
4 10 1 2 32 
4 11 1 2 53 
4 12 1 2 51 
4 13 1 2 50 
4 14 1 2 32 
4 15 1 2 32 
4 16 1 2 32 
4 17 1 2 32 
4 18 1 2 32 
4 19 1 2 32 
4 20 1 2 32 
4 21 1 2 32 
4 22 1 2 32 
4 23 1 2 32 
4 24 1 2 32 
4 25 1 2 32 
4 26 1 2 32 
4 27 1 2 32 
4 28 1 2 32 
4 29 1 2 32 
4 30 1 2 32 
4 31 1 2 32 
4 32 1 2 32 
4 33 1 2 32 
4 34 1 2 32 
4 35 1 2 32 
4 36 1 2 32 
4 37 1 2 32 
4 38 1 2 32 
4 39 1 2 32 
4 40 1 2 32 
4 41 1 2 32 
4 42 1 2 32 
4 43 1 2 32 
4 44 1 2 32 
4 45 1 2 32 
4 46 1 2 32 
4 47 1 2 32 
3
5 925
2 65 -1 0 -1946
4 2 1 2 32 
4 3 1 2 158 
4 5 1 2 1 
4 8 1 2 0 
3
5 926
2 36 -1 0 -1946
4 2 1 2 64 
4 3 1 2 33 
4 5 1 2 0 
3
5 927
2 36 -1 0 -1946
4 2 1 2 92 
4 3 1 2 33 
4 5 1 2 0 
4 6 1 2 2 
3
5 928
2 88 -1 0 -1946
4 2 1 2 68 
4 3 1 2 7 
4 5 1 2 80 
4 6 1 2 6 
4 8 1 2 0 
4 9 1 2 0 
3
5 929
2 36 -1 0 -1946
4 2 1 2 108 
4 3 1 2 161 
4 5 1 2 0 
4 6 1 2 2 
3
5 930
2 36 -1 0 -1946
4 2 1 2 132 
4 3 1 2 33 
4 5 1 2 0 
3
5 931
2 18 -1 0 -1946
4 2 1 2 4 
4 3 1 2 49 
4 5 1 2 188 
4 1 1 2 1 
3
5 932
5 -1946
2 2 -1 1947 -1
4 7 1 4 1946 
4 12 1 4 0 
4 14 1 2 2 
3
2 49 -1 0 -1947
4 2 1 2 0 
4 3 1 2 4 
4 5 1 2 16 
4 1 1 2 1 
3
5 934
2 101 -1 0 -1947
4 2 1 2 0 
4 3 1 2 0 
4 5 1 2 80 
4 1 1 2 4 
3
5 935
2 91 -1 0 -1947
4 2 1 2 48 
4 3 1 2 129 
4 5 1 2 188 
4 8 1 2 3 
4 9 1 2 0 
4 10 1 2 0 
3
5 936
2 21 -1 0 -1947
4 2 1 2 20 
4 3 1 2 32 
4 5 1 2 204 
4 8 1 2 2 
4 9 1 2 0 
4 10 1 2 0 
3
5 937
2 25 -1 0 -1947
4 2 1 2 88 
4 3 1 2 138 
4 5 1 2 228 
3
5 938
2 30 -1 0 -1947
4 2 1 2 120 
4 3 1 2 33 
4 5 1 2 16 
4 8 1 2 2 
4 9 1 2 0 
4 10 1 2 0 
3
5 939
2 39 -1 0 -1947
4 2 1 2 72 
4 3 1 2 31 
4 5 1 2 188 
4 8 1 2 1 
3
5 940
5 -1947
2 2 -1 1948 -1
4 5 1 4 1949 
4 9 1 4 1946 
4 14 1 2 0 
3
2 49 -1 0 -1948
4 2 1 2 0 
4 3 1 2 4 
4 5 1 2 8 
3
5 942
2 84 -1 0 -1948
4 2 1 2 0 
4 3 1 2 0 
4 5 1 2 0 
4 1 1 2 4 
3
5 943
2 88 -1 0 -1948
4 2 1 2 68 
4 3 1 2 12 
4 5 1 2 56 
4 8 1 2 0 
4 9 1 2 0 
3
5 944
2 83 -1 0 -1948
4 2 1 2 100 
4 3 1 2 30 
4 5 1 2 16 
4 1 1 2 5 
4 6 1 2 5 
4 8 1 2 128 
4 9 1 2 82 
4 10 1 2 111 
4 11 1 2 97 
4 12 1 2 100 
4 13 1 2 32 
4 14 1 2 83 
4 15 1 2 116 
4 16 1 2 32 
4 17 1 2 32 
4 18 1 2 32 
4 19 1 2 32 
4 20 1 2 32 
4 21 1 2 32 
4 22 1 2 32 
4 23 1 2 32 
4 24 1 2 32 
4 25 1 2 32 
4 26 1 2 32 
4 27 1 2 32 
4 28 1 2 32 
4 29 1 2 32 
4 30 1 2 32 
4 31 1 2 32 
4 32 1 2 32 
4 33 1 2 32 
4 34 1 2 32 
4 35 1 2 32 
4 36 1 2 32 
4 37 1 2 32 
4 38 1 2 32 
4 39 1 2 32 
4 40 1 2 32 
4 41 1 2 32 
4 42 1 2 32 
4 43 1 2 32 
4 44 1 2 32 
4 45 1 2 32 
4 46 1 2 32 
4 47 1 2 32 
3
5 945
2 98 -1 0 -1948
4 2 1 2 8 
4 3 1 2 132 
4 5 1 2 204 
4 1 1 2 8 
3
5 946
2 98 -1 0 -1948
4 2 1 2 12 
4 3 1 2 37 
4 5 1 2 244 
4 1 1 2 4 
3
5 947
2 18 -1 0 -1948
4 2 1 2 112 
4 3 1 2 129 
4 5 1 2 188 
4 1 1 2 3 
3
5 948
2 18 -1 0 -1948
4 2 1 2 124 
4 3 1 2 37 
4 5 1 2 237 
4 1 1 2 3 
4 6 1 2 1 
3
5 949
2 93 -1 0 -1948
4 2 1 2 40 
4 3 1 2 129 
4 5 1 2 172 
4 8 1 2 0 
3
5 950
5 -1948
2 2 -1 1949 -1
4 5 1 4 1951 
4 9 1 4 1948 
4 3 1 4 1950 
4 14 1 2 0 
3
2 49 -1 0 -1949
4 2 1 2 0 
4 3 1 2 4 
4 5 1 2 8 
4 1 1 2 1 
3
5 952
2 101 -1 0 -1949
4 2 1 2 0 
4 3 1 2 0 
4 5 1 2 0 
4 1 1 2 4 
3
5 953
2 101 -1 0 -1949
4 2 1 2 0 
4 3 1 2 2 
4 5 1 2 172 
4 1 1 2 7 
3
5 954
2 16 -1 0 -1949
4 2 1 2 24 
4 3 1 2 32 
4 5 1 2 188 
3
5 955
2 18 -1 0 -1949
4 2 1 2 108 
4 3 1 2 57 
4 5 1 2 196 
3
5 956
2 88 -1 0 -1949
4 2 1 2 68 
4 3 1 2 5 
4 5 1 2 64 
4 6 1 2 6 
4 8 1 2 0 
4 9 1 2 0 
3
5 957
2 65 -1 0 -1949
4 2 1 2 20 
4 3 1 2 151 
4 5 1 2 17 
4 8 1 2 0 
3
5 958
2 36 -1 0 -1949
4 2 1 2 64 
4 3 1 2 33 
4 5 1 2 0 
3
5 959
2 36 -1 0 -1949
4 2 1 2 92 
4 3 1 2 33 
4 5 1 2 0 
4 6 1 2 2 
3
5 960
2 71 -1 0 -1949
4 2 1 2 56 
4 3 1 2 31 
4 5 1 2 32 
4 1 1 2 2 
4 8 1 2 1 
3
5 961
2 36 -1 0 -1949
4 2 1 2 108 
4 3 1 2 161 
4 5 1 2 0 
4 6 1 2 2 
3
5 962
2 36 -1 0 -1949
4 2 1 2 132 
4 3 1 2 33 
4 5 1 2 0 
3
5 963
2 83 -1 0 -1949
4 2 1 2 72 
4 3 1 2 59 
4 5 1 2 16 
4 1 1 2 5 
4 6 1 2 8 
4 8 1 2 32 
4 9 1 2 32 
4 10 1 2 32 
4 11 1 2 54 
4 12 1 2 51 
4 13 1 2 50 
4 14 1 2 32 
4 15 1 2 32 
4 16 1 2 32 
4 17 1 2 32 
4 18 1 2 32 
4 19 1 2 32 
4 20 1 2 32 
4 21 1 2 32 
4 22 1 2 32 
4 23 1 2 32 
4 24 1 2 32 
4 25 1 2 32 
4 26 1 2 32 
4 27 1 2 32 
4 28 1 2 32 
4 29 1 2 32 
4 30 1 2 32 
4 31 1 2 32 
4 32 1 2 32 
4 33 1 2 32 
4 34 1 2 32 
4 35 1 2 32 
4 36 1 2 32 
4 37 1 2 32 
4 38 1 2 32 
4 39 1 2 32 
4 40 1 2 32 
4 41 1 2 32 
4 42 1 2 32 
4 43 1 2 32 
4 44 1 2 32 
4 45 1 2 32 
4 46 1 2 32 
4 47 1 2 32 
3
5 964
5 -1949
2 2 -1 1950 -1
4 7 1 4 1949 
4 12 1 4 0 
4 14 1 2 2 
3
2 49 -1 0 -1950
4 2 1 2 0 
4 3 1 2 4 
4 5 1 2 16 
4 1 1 2 1 
3
5 966
2 101 -1 0 -1950
4 2 1 2 0 
4 3 1 2 0 
4 5 1 2 24 
4 1 1 2 4 
3
5 967
2 29 -1 0 -1950
4 2 1 2 96 
4 3 1 2 156 
4 5 1 2 164 
4 8 1 2 3 
4 9 1 2 0 
4 10 1 2 0 
3
5 968
2 102 -1 0 -1950
4 2 1 2 52 
4 3 1 2 60 
4 5 1 2 0 
3
5 969
2 102 -1 0 -1950
4 2 1 2 68 
4 3 1 2 67 
4 5 1 2 0 
4 6 1 2 2 
3
5 970
2 30 -1 0 -1950
4 2 1 2 16 
4 3 1 2 33 
4 5 1 2 148 
4 8 1 2 2 
4 9 1 2 0 
4 10 1 2 0 
3
5 971
2 39 -1 0 -1950
4 2 1 2 60 
4 3 1 2 130 
4 5 1 2 188 
4 8 1 2 1 
3
5 972
2 19 -1 0 -1950
4 2 1 2 96 
4 3 1 2 130 
4 5 1 2 57 
4 1 1 2 1 
3
5 973
2 19 -1 0 -1950
4 2 1 2 48 
4 3 1 2 131 
4 5 1 2 56 
4 1 1 2 1 
3
5 974
5 -1950
2 2 -1 1951 -1
4 5 1 4 1953 
4 9 1 4 1949 
4 3 1 4 1952 
4 14 1 2 0 
3
2 49 -1 0 -1951
4 2 1 2 0 
4 3 1 2 4 
4 5 1 2 8 
4 1 1 2 1 
3
5 976
2 101 -1 0 -1951
4 2 1 2 0 
4 3 1 2 0 
4 5 1 2 0 
4 1 1 2 4 
3
5 977
2 101 -1 0 -1951
4 2 1 2 0 
4 3 1 2 2 
4 5 1 2 172 
4 1 1 2 7 
3
5 978
2 16 -1 0 -1951
4 2 1 2 52 
4 3 1 2 32 
4 5 1 2 140 
3
5 979
2 18 -1 0 -1951
4 2 1 2 136 
4 3 1 2 56 
4 5 1 2 236 
3
5 980
2 83 -1 0 -1951
4 2 1 2 24 
4 3 1 2 32 
4 5 1 2 16 
4 1 1 2 5 
4 6 1 2 8 
4 8 1 2 32 
4 9 1 2 32 
4 10 1 2 32 
4 11 1 2 55 
4 12 1 2 51 
4 13 1 2 50 
4 14 1 2 32 
4 15 1 2 32 
4 16 1 2 32 
4 17 1 2 32 
4 18 1 2 32 
4 19 1 2 32 
4 20 1 2 32 
4 21 1 2 32 
4 22 1 2 32 
4 23 1 2 32 
4 24 1 2 32 
4 25 1 2 32 
4 26 1 2 32 
4 27 1 2 32 
4 28 1 2 32 
4 29 1 2 32 
4 30 1 2 32 
4 31 1 2 32 
4 32 1 2 32 
4 33 1 2 32 
4 34 1 2 32 
4 35 1 2 32 
4 36 1 2 32 
4 37 1 2 32 
4 38 1 2 32 
4 39 1 2 32 
4 40 1 2 32 
4 41 1 2 32 
4 42 1 2 32 
4 43 1 2 32 
4 44 1 2 32 
4 45 1 2 32 
4 46 1 2 32 
4 47 1 2 32 
3
5 981
2 65 -1 0 -1951
4 2 1 2 108 
4 3 1 2 159 
4 5 1 2 17 
4 8 1 2 0 
3
5 982
2 88 -1 0 -1951
4 2 1 2 68 
4 3 1 2 6 
4 5 1 2 88 
4 6 1 2 6 
4 8 1 2 0 
4 9 1 2 0 
3
5 983
2 71 -1 0 -1951
4 2 1 2 132 
4 3 1 2 159 
4 5 1 2 16 
4 1 1 2 2 
4 8 1 2 1 
3
5 984
2 18 -1 0 -1951
4 2 1 2 12 
4 3 1 2 49 
4 5 1 2 188 
4 1 1 2 1 
3
5 985
5 -1951
2 2 -1 1952 -1
4 7 1 4 1951 
4 12 1 4 0 
4 14 1 2 2 
3
2 49 -1 0 -1952
4 2 1 2 0 
4 3 1 2 4 
4 5 1 2 16 
4 1 1 2 1 
3
5 987
2 101 -1 0 -1952
4 2 1 2 0 
4 3 1 2 0 
4 5 1 2 88 
4 1 1 2 4 
3
5 988
2 91 -1 0 -1952
4 2 1 2 80 
4 3 1 2 129 
4 5 1 2 0 
4 8 1 2 3 
4 9 1 2 0 
4 10 1 2 0 
3
5 989
2 21 -1 0 -1952
4 2 1 2 128 
4 3 1 2 138 
4 5 1 2 244 
4 1 1 2 2 
4 8 1 2 2 
4 9 1 2 0 
4 10 1 2 0 
3
5 990
2 19 -1 0 -1952
4 2 1 2 32 
4 3 1 2 138 
4 5 1 2 220 
4 1 1 2 5 
3
5 991
2 30 -1 0 -1952
4 2 1 2 4 
4 3 1 2 33 
4 5 1 2 236 
4 8 1 2 2 
4 9 1 2 0 
4 10 1 2 0 
3
5 992
2 39 -1 0 -1952
4 2 1 2 60 
4 3 1 2 31 
4 5 1 2 16 
4 8 1 2 1 
3
5 993
5 -1952
2 2 -1 1953 -1
4 5 1 4 1955 
4 9 1 4 1951 
4 3 1 4 1954 
4 14 1 2 0 
3
2 49 -1 0 -1953
4 2 1 2 0 
4 3 1 2 4 
4 5 1 2 8 
4 1 1 2 1 
3
5 995
2 101 -1 0 -1953
4 2 1 2 0 
4 3 1 2 0 
4 5 1 2 0 
4 1 1 2 4 
3
5 996
2 101 -1 0 -1953
4 2 1 2 0 
4 3 1 2 2 
4 5 1 2 172 
4 1 1 2 7 
3
5 997
2 16 -1 0 -1953
4 2 1 2 52 
4 3 1 2 32 
4 5 1 2 104 
3
5 998
2 18 -1 0 -1953
4 2 1 2 136 
4 3 1 2 56 
4 5 1 2 132 
3
5 999
2 83 -1 0 -1953
4 2 1 2 24 
4 3 1 2 32 
4 5 1 2 16 
4 1 1 2 5 
4 6 1 2 8 
4 8 1 2 32 
4 9 1 2 32 
4 10 1 2 32 
4 11 1 2 56 
4 12 1 2 51 
4 13 1 2 50 
4 14 1 2 32 
4 15 1 2 32 
4 16 1 2 32 
4 17 1 2 32 
4 18 1 2 32 
4 19 1 2 32 
4 20 1 2 32 
4 21 1 2 32 
4 22 1 2 32 
4 23 1 2 32 
4 24 1 2 32 
4 25 1 2 32 
4 26 1 2 32 
4 27 1 2 32 
4 28 1 2 32 
4 29 1 2 32 
4 30 1 2 32 
4 31 1 2 32 
4 32 1 2 32 
4 33 1 2 32 
4 34 1 2 32 
4 35 1 2 32 
4 36 1 2 32 
4 37 1 2 32 
4 38 1 2 32 
4 39 1 2 32 
4 40 1 2 32 
4 41 1 2 32 
4 42 1 2 32 
4 43 1 2 32 
4 44 1 2 32 
4 45 1 2 32 
4 46 1 2 32 
4 47 1 2 32 
3
5 1000
2 65 -1 0 -1953
4 2 1 2 108 
4 3 1 2 159 
4 5 1 2 1 
4 8 1 2 0 
3
5 1001
2 88 -1 0 -1953
4 2 1 2 68 
4 3 1 2 7 
4 5 1 2 188 
4 6 1 2 6 
4 8 1 2 0 
4 9 1 2 0 
3
5 1002
2 71 -1 0 -1953
4 2 1 2 132 
4 3 1 2 159 
4 5 1 2 16 
4 1 1 2 2 
4 8 1 2 1 
3
5 1003
2 18 -1 0 -1953
4 2 1 2 12 
4 3 1 2 49 
4 5 1 2 8 
4 1 1 2 1 
3
5 1004
5 -1953
2 2 -1 1954 -1
4 7 1 4 1953 
4 12 1 4 0 
4 14 1 2 2 
3
2 49 -1 0 -1954
4 2 1 2 0 
4 3 1 2 4 
4 5 1 2 16 
4 1 1 2 1 
3
5 1006
2 101 -1 0 -1954
4 2 1 2 0 
4 3 1 2 0 
4 5 1 2 80 
4 1 1 2 4 
3
5 1007
2 91 -1 0 -1954
4 2 1 2 48 
4 3 1 2 129 
4 5 1 2 188 
4 8 1 2 3 
4 9 1 2 0 
4 10 1 2 0 
3
5 1008
2 21 -1 0 -1954
4 2 1 2 20 
4 3 1 2 32 
4 5 1 2 204 
4 8 1 2 2 
4 9 1 2 0 
4 10 1 2 0 
3
5 1009
2 25 -1 0 -1954
4 2 1 2 88 
4 3 1 2 138 
4 5 1 2 228 
3
5 1010
2 30 -1 0 -1954
4 2 1 2 120 
4 3 1 2 33 
4 5 1 2 16 
4 8 1 2 2 
4 9 1 2 0 
4 10 1 2 0 
3
5 1011
2 39 -1 0 -1954
4 2 1 2 72 
4 3 1 2 31 
4 5 1 2 188 
4 8 1 2 1 
3
5 1012
5 -1954
2 2 -1 1955 -1
4 5 1 4 1957 
4 9 1 4 1953 
4 3 1 4 1956 
4 14 1 2 0 
3
2 49 -1 0 -1955
4 2 1 2 0 
4 3 1 2 4 
4 5 1 2 8 
4 1 1 2 1 
3
5 1014
2 101 -1 0 -1955
4 2 1 2 0 
4 3 1 2 0 
4 5 1 2 244 
4 1 1 2 4 
3
5 1015
2 101 -1 0 -1955
4 2 1 2 0 
4 3 1 2 2 
4 5 1 2 172 
4 1 1 2 7 
3
5 1016
2 16 -1 0 -1955
4 2 1 2 32 
4 3 1 2 32 
4 5 1 2 104 
4 6 1 2 3 
3
5 1017
2 18 -1 0 -1955
4 2 1 2 16 
4 3 1 2 35 
4 5 1 2 16 
4 1 1 2 3 
4 6 1 2 1 
3
5 1018
2 98 -1 0 -1955
4 2 1 2 100 
4 3 1 2 48 
4 5 1 2 0 
4 1 1 2 4 
3
5 1019
2 65 -1 0 -1955
4 2 1 2 88 
4 3 1 2 149 
4 5 1 2 120 
4 8 1 2 0 
3
5 1020
2 83 -1 0 -1955
4 2 1 2 60 
4 3 1 2 157 
4 5 1 2 252 
4 1 1 2 5 
4 6 1 2 8 
4 8 1 2 32 
4 9 1 2 32 
4 10 1 2 32 
4 11 1 2 57 
4 12 1 2 51 
4 13 1 2 50 
4 14 1 2 32 
4 15 1 2 32 
4 16 1 2 32 
4 17 1 2 32 
4 18 1 2 32 
4 19 1 2 32 
4 20 1 2 32 
4 21 1 2 32 
4 22 1 2 32 
4 23 1 2 32 
4 24 1 2 32 
4 25 1 2 32 
4 26 1 2 32 
4 27 1 2 32 
4 28 1 2 32 
4 29 1 2 32 
4 30 1 2 32 
4 31 1 2 32 
4 32 1 2 32 
4 33 1 2 32 
4 34 1 2 32 
4 35 1 2 32 
4 36 1 2 32 
4 37 1 2 32 
4 38 1 2 32 
4 39 1 2 32 
4 40 1 2 32 
4 41 1 2 32 
4 42 1 2 32 
4 43 1 2 32 
4 44 1 2 32 
4 45 1 2 32 
4 46 1 2 32 
4 47 1 2 32 
3
5 1021
2 88 -1 0 -1955
4 2 1 2 68 
4 3 1 2 5 
4 5 1 2 0 
4 6 1 2 6 
4 8 1 2 0 
4 9 1 2 0 
3
5 1022
2 36 -1 0 -1955
4 2 1 2 132 
4 3 1 2 33 
4 5 1 2 0 
3
5 1023
5 -1955
2 2 -1 1956 -1
4 7 1 4 1955 
4 12 1 4 0 
4 14 1 2 2 
3
2 49 -1 0 -1956
4 2 1 2 0 
4 3 1 2 4 
4 5 1 2 16 
4 1 1 2 1 
3
5 1025
2 101 -1 0 -1956
4 2 1 2 0 
4 3 1 2 0 
4 5 1 2 80 
4 1 1 2 4 
3
5 1026
2 91 -1 0 -1956
4 2 1 2 56 
4 3 1 2 129 
4 5 1 2 0 
4 8 1 2 3 
4 9 1 2 0 
4 10 1 2 0 
3
5 1027
2 21 -1 0 -1956
4 2 1 2 8 
4 3 1 2 32 
4 5 1 2 236 
4 8 1 2 2 
4 9 1 2 0 
4 10 1 2 0 
3
5 1028
2 19 -1 0 -1956
4 2 1 2 44 
4 3 1 2 138 
4 5 1 2 204 
3
5 1029
2 30 -1 0 -1956
4 2 1 2 120 
4 3 1 2 33 
4 5 1 2 16 
4 8 1 2 2 
4 9 1 2 0 
4 10 1 2 0 
3
5 1030
2 39 -1 0 -1956
4 2 1 2 72 
4 3 1 2 31 
4 5 1 2 172 
4 8 1 2 1 
3
5 1031
2 19 -1 0 -1956
4 2 1 2 88 
4 3 1 2 138 
4 5 1 2 204 
3
5 1032
5 -1956
2 2 -1 1957 -1
4 5 1 4 1937 
4 9 1 4 1955 
4 3 1 4 1958 
4 14 1 2 0 
3
2 49 -1 0 -1957
4 2 1 2 0 
4 3 1 2 4 
4 5 1 2 8 
4 1 1 2 1 
3
5 1034
2 101 -1 0 -1957
4 2 1 2 0 
4 3 1 2 0 
4 5 1 2 0 
4 1 1 2 4 
3
5 1035
2 101 -1 0 -1957
4 2 1 2 0 
4 3 1 2 2 
4 5 1 2 48 
4 1 1 2 7 
3
5 1036
2 16 -1 0 -1957
4 2 1 2 32 
4 3 1 2 32 
4 5 1 2 244 
3
5 1037
2 18 -1 0 -1957
4 2 1 2 108 
4 3 1 2 57 
4 5 1 2 172 
3
5 1038
2 83 -1 0 -1957
4 2 1 2 72 
4 3 1 2 57 
4 5 1 2 16 
4 1 1 2 5 
4 6 1 2 8 
4 8 1 2 32 
4 9 1 2 32 
4 10 1 2 49 
4 11 1 2 48 
4 12 1 2 51 
4 13 1 2 50 
4 14 1 2 32 
4 15 1 2 32 
4 16 1 2 32 
4 17 1 2 32 
4 18 1 2 32 
4 19 1 2 32 
4 20 1 2 32 
4 21 1 2 32 
4 22 1 2 32 
4 23 1 2 32 
4 24 1 2 32 
4 25 1 2 32 
4 26 1 2 32 
4 27 1 2 32 
4 28 1 2 32 
4 29 1 2 32 
4 30 1 2 32 
4 31 1 2 32 
4 32 1 2 32 
4 33 1 2 32 
4 34 1 2 32 
4 35 1 2 32 
4 36 1 2 32 
4 37 1 2 32 
4 38 1 2 32 
4 39 1 2 32 
4 40 1 2 32 
4 41 1 2 32 
4 42 1 2 32 
4 43 1 2 32 
4 44 1 2 32 
4 45 1 2 32 
4 46 1 2 32 
4 47 1 2 32 
3
5 1039
2 65 -1 0 -1957
4 2 1 2 32 
4 3 1 2 158 
4 5 1 2 1 
4 8 1 2 0 
3
5 1040
2 36 -1 0 -1957
4 2 1 2 64 
4 3 1 2 33 
4 5 1 2 0 
3
5 1041
2 36 -1 0 -1957
4 2 1 2 92 
4 3 1 2 33 
4 5 1 2 0 
4 6 1 2 2 
3
5 1042
2 88 -1 0 -1957
4 2 1 2 68 
4 3 1 2 7 
4 5 1 2 244 
4 6 1 2 6 
4 8 1 2 0 
4 9 1 2 0 
3
5 1043
2 36 -1 0 -1957
4 2 1 2 108 
4 3 1 2 161 
4 5 1 2 0 
4 6 1 2 2 
3
5 1044
2 36 -1 0 -1957
4 2 1 2 132 
4 3 1 2 33 
4 5 1 2 0 
3
5 1045
2 18 -1 0 -1957
4 2 1 2 4 
4 3 1 2 49 
4 5 1 2 188 
4 1 1 2 1 
3
5 1046
5 -1957
2 2 -1 1958 -1
4 7 1 4 1957 
4 12 1 4 0 
4 14 1 2 2 
3
2 49 -1 0 -1958
4 2 1 2 0 
4 3 1 2 4 
4 5 1 2 16 
4 1 1 2 1 
3
5 1048
2 101 -1 0 -1958
4 2 1 2 0 
4 3 1 2 0 
4 5 1 2 24 
4 1 1 2 4 
3
5 1049
2 29 -1 0 -1958
4 2 1 2 96 
4 3 1 2 156 
4 5 1 2 164 
4 8 1 2 3 
4 9 1 2 0 
4 10 1 2 0 
3
5 1050
2 102 -1 0 -1958
4 2 1 2 52 
4 3 1 2 60 
4 5 1 2 0 
3
5 1051
2 102 -1 0 -1958
4 2 1 2 68 
4 3 1 2 67 
4 5 1 2 0 
4 6 1 2 2 
3
5 1052
2 30 -1 0 -1958
4 2 1 2 16 
4 3 1 2 33 
4 5 1 2 148 
4 8 1 2 2 
4 9 1 2 0 
4 10 1 2 0 
3
5 1053
2 39 -1 0 -1958
4 2 1 2 60 
4 3 1 2 130 
4 5 1 2 188 
4 8 1 2 1 
3
5 1054
2 19 -1 0 -1958
4 2 1 2 96 
4 3 1 2 130 
4 5 1 2 57 
4 1 1 2 1 
3
5 1055
2 19 -1 0 -1958
4 2 1 2 48 
4 3 1 2 131 
4 5 1 2 56 
4 1 1 2 1 
3
5 1056
5 -1958
2 2 -1 1959 -1
4 5 1 4 1938 
4 14 1 2 0 
3
2 49 -1 0 -1959
4 2 1 2 0 
4 3 1 2 4 
4 5 1 2 8 
4 1 1 2 1 
3
5 1058
2 101 -1 0 -1959
4 2 1 2 0 
4 3 1 2 0 
4 5 1 2 0 
4 1 1 2 4 
3
5 1059
2 101 -1 0 -1959
4 2 1 2 0 
4 3 1 2 2 
4 5 1 2 56 
4 1 1 2 7 
3
5 1060
2 93 -1 0 -1959
4 2 1 2 40 
4 3 1 2 132 
4 5 1 2 228 
4 8 1 2 0 
3
5 1061
2 18 -1 0 -1959
4 2 1 2 76 
4 3 1 2 57 
4 5 1 2 172 
3
5 1062
2 18 -1 0 -1959
4 2 1 2 112 
4 3 1 2 55 
4 5 1 2 172 
3
5 1063
2 18 -1 0 -1959
4 2 1 2 140 
4 3 1 2 49 
4 5 1 2 16 
3
5 1064
2 88 -1 0 -1959
4 2 1 2 68 
4 3 1 2 7 
4 5 1 2 236 
4 6 1 2 4 
4 8 1 2 0 
4 9 1 2 0 
3
5 1065
2 18 -1 0 -1959
4 2 1 2 4 
4 3 1 2 49 
4 5 1 2 188 
4 1 1 2 1 
3
5 1066
5 -1959
