1 1
2 -1 -1 -1 0
4 1 1 2 0 
4 2 1 2 0 
4 3 1 2 128 
4 4 1 2 0 
4 5 1 2 0 
4 6 1 2 0 
3
5 1
1 2
2 -1 0 -1 0
4 1 1 2 0 
4 2 1 2 32 
4 3 4 4 -1 4 -1 4 -1 4 -1 
4 11 1 2 0 
4 12 1 4 -1 
4 14 1 2 0 
3
5 2
1 3
2 1 1 -1 0
4 7 1 2 8 
4 8 1 2 0 
4 9 1 2 0 
4 10 1 2 255 
4 11 1 2 0 
4 12 3 2 85 2 119 2 51 
4 15 1 4 2000 
4 17 1 4 0 
3
5 3
1 4
2 1 2 -1 0
4 8 1 2 1 
3
5 4
1 5
2 1 129 -1 0
4 7 1 2 28 
4 6 1 2 1 
4 8 1 2 0 
3
5 5
1 6
2 1 4 -1 0
4 7 1 2 16 
3
5 6
1 7
2 1 6 -1 0
4 7 1 2 2 
4 6 1 2 1 
4 8 1 2 3 
4 9 2 2 0 2 0 
3
5 7
1 8
2 1 7 -1 0
3
5 8
1 9
2 1 130 -1 0
4 8 1 2 3 
3
5 9
1 10
2 1 10 -1 0
4 8 1 2 1 
4 9 1 2 0 
4 10 1 4 -1 
3
5 10
1 11
2 1 11 -1 0
3
5 11
1 12
2 1 12 -1 0
4 7 1 2 12 
4 6 1 2 1 
4 8 1 2 1 
3
5 12
1 13
2 1 13 -1 0
4 7 1 2 20 
4 6 1 2 1 
4 8 1 2 3 
4 9 2 2 0 2 0 
3
5 13
1 14
2 1 131 -1 0
4 8 1 2 1 
4 9 1 2 1 
3
5 14
1 15
2 1 132 -1 0
3
5 15
1 16
2 1 132 -1 0
3
5 16
1 17
2 1 133 -1 0
4 7 1 2 12 
3
5 17
1 18
2 1 134 -1 0
4 7 1 2 24 
4 8 1 2 3 
3
5 18
1 19
2 1 84 -1 0
3
5 19
1 20
2 1 135 -1 0
4 8 1 2 2 
4 9 2 2 0 2 0 
3
5 20
1 21
2 1 16 -1 0
3
5 21
1 22
2 1 136 -1 0
4 8 1 4 0 
3
5 22
1 23
2 1 17 -1 0
4 7 1 2 12 
3
5 23
1 24
2 1 137 -1 0
4 8 1 2 3 
3
5 24
1 25
2 1 18 -1 0
4 8 1 2 3 
4 9 2 2 0 2 0 
3
5 25
1 26
2 1 20 -1 0
3
5 26
1 27
2 1 22 -1 0
4 8 1 2 3 
4 9 2 2 0 2 0 
3
5 27
1 28
2 1 23 -1 0
4 8 1 2 2 
4 9 2 2 0 2 0 
3
5 28
1 29
2 1 24 -1 0
4 7 1 2 16 
3
5 29
1 30
2 1 25 -1 0
4 8 1 2 10 
4 9 1 2 1 
3
5 30
1 31
2 1 26 -1 0
4 7 1 2 12 
4 8 1 2 5 
3
5 31
1 32
2 1 27 -1 0
4 8 1 2 0 
3
5 32
1 33
2 1 138 -1 0
3
5 33
1 34
2 1 29 -1 0
4 7 1 2 4 
4 8 1 2 0 
3
5 34
1 35
2 1 30 -1 0
4 7 1 2 16 
4 8 1 2 0 
3
5 35
1 36
2 1 139 -1 0
4 8 1 2 0 
3
5 36
1 37
2 1 93 -1 0
3
5 37
1 38
2 1 140 -1 0
4 8 1 4 0 
3
5 38
1 39
2 1 141 -1 0
3
5 39
1 40
2 1 31 -1 0
3
5 40
1 41
2 1 32 -1 0
4 7 1 2 16 
4 6 1 2 1 
4 8 1 2 3 
4 9 2 2 0 2 0 
3
5 41
1 42
2 1 33 -1 0
4 8 1 2 1 
3
5 42
1 43
2 1 98 -1 0
4 8 1 2 3 
4 9 2 2 0 2 0 
3
5 43
1 44
2 1 35 -1 0
4 8 1 2 0 
3
5 44
1 45
2 1 36 -1 0
3
5 45
1 46
2 1 37 -1 0
4 7 1 2 12 
3
5 46
1 47
2 1 38 -1 0
3
5 47
1 48
2 1 39 -1 0
3
5 48
1 49
2 1 127 -1 0
3
5 49
1 50
2 1 88 -1 0
4 8 1 2 2 
4 9 2 2 0 2 0 
3
5 50
1 51
2 1 144 -1 0
3
5 51
1 52
2 1 143 -1 0
3
5 52
1 53
2 1 40 -1 0
4 8 1 2 1 
3
5 53
1 54
2 1 145 -1 0
4 8 1 2 0 
4 9 1 2 0 
4 10 1 4 0 
4 12 1 2 -1 
4 13 1 2 1 
4 14 1 4 -1 
4 16 1 2 0 
3
5 54
1 55
2 1 42 -1 0
4 7 1 2 8 
4 8 2 2 255 2 255 
3
5 55
1 56
2 1 43 -1 0
4 7 1 2 3 
4 8 1 2 0 
4 9 1 2 0 
3
5 56
1 57
2 1 44 -1 0
4 7 1 2 24 
3
5 57
1 58
2 1 45 -1 0
4 8 1 2 0 
4 9 1 2 0 
3
5 58
1 59
2 1 46 -1 0
4 7 1 2 4 
4 8 1 2 1 
3
5 59
1 60
2 1 47 -1 0
4 8 1 2 1 
3
5 60
1 61
2 1 48 -1 0
4 8 1 2 0 
4 9 1 4 -1 
3
5 61
1 62
2 1 49 -1 0
4 8 1 4 -1 
3
5 62
1 63
2 1 52 -1 0
4 8 1 2 0 
3
5 63
1 64
2 1 54 -1 0
4 7 1 2 8 
3
5 64
1 65
2 1 96 -1 0
4 8 1 2 3 
4 9 2 2 0 2 0 
3
5 65
1 66
2 1 152 -1 0
4 8 1 2 1 
4 9 1 2 0 
3
5 66
1 67
2 1 58 -1 0
4 7 1 2 20 
4 8 1 2 1 
3
5 67
1 68
2 1 147 -1 0
3
5 68
1 69
2 1 60 -1 0
4 8 1 2 1 
3
5 69
1 70
2 1 148 -1 0
3
5 70
1 71
2 1 61 -1 0
4 7 1 2 8 
4 8 1 2 0 
3
5 71
1 72
2 1 149 -1 0
3
5 72
1 73
2 1 150 -1 0
4 8 1 2 0 
4 9 2 2 0 2 0 
3
5 73
1 74
2 1 63 -1 0
4 8 1 2 0 
3
5 74
1 75
2 1 64 -1 0
4 7 1 2 8 
3
5 75
1 76
2 1 90 -1 0
3
5 76
1 77
2 1 56 -1 0
3
5 77
1 78
2 1 89 -1 0
3
5 78
1 79
2 1 57 -1 0
3
5 79
1 80
2 1 69 -1 0
3
5 80
1 81
2 1 95 -1 0
3
5 81
1 82
2 1 91 -1 0
3
5 82
1 83
2 1 70 -1 0
4 7 1 2 20 
4 8 1 2 0 
4 9 1 2 0 
3
5 83
1 84
2 1 153 -1 0
3
5 84
1 85
2 1 154 -1 0
3
5 85
1 86
2 1 97 -1 0
3
5 86
1 87
2 1 155 -1 0
4 8 1 2 3 
4 9 2 2 0 2 0 
3
5 87
1 88
2 1 71 -1 0
4 7 1 2 12 
4 8 1 4 -1 
3
5 88
1 89
2 1 74 -1 0
4 8 1 2 0 
4 9 2 2 0 2 0 
4 11 1 4 0 
3
5 89
1 90
2 1 75 -1 0
4 8 1 2 0 
3
5 90
1 91
2 1 76 -1 0
4 8 1 2 1 
3
5 91
1 92
2 1 87 -1 0
3
5 92
1 93
2 1 92 -1 0
3
5 93
1 94
2 1 156 -1 0
4 7 1 2 20 
3
5 94
1 95
2 1 86 -1 0
3
5 95
1 96
2 1 85 -1 0
3
5 96
1 97
2 1 80 -1 0
3
5 97
1 98
2 1 157 -1 0
4 7 1 2 20 
3
5 98
1 99
2 1 82 -1 0
4 8 1 2 0 
3
5 99
2 2 -1 8001 -1
4 5 1 4 8002 
4 9 1 4 8001 
4 7 1 4 8004 
4 3 1 4 8001 
4 14 1 2 0 
3
2 45 -1 0 -8001
4 2 1 2 0 
4 3 1 2 4 
4 5 1 2 204 
3
5 101
2 80 -1 0 -8001
4 2 1 2 0 
4 3 1 2 0 
4 5 1 2 0 
4 1 1 2 4 
3
5 102
2 94 -1 0 -8001
4 2 1 2 92 
4 3 1 2 33 
4 5 1 2 236 
4 6 1 2 1 
3
5 103
2 71 -1 0 -8001
4 2 1 2 8 
4 3 1 2 138 
4 5 1 2 32 
4 8 1 2 1 
3
5 104
2 94 -1 0 -8001
4 2 1 2 40 
4 3 1 2 35 
4 5 1 2 172 
3
5 105
2 94 -1 0 -8001
4 2 1 2 88 
4 3 1 2 57 
4 5 1 2 236 
4 6 1 2 3 
3
5 106
2 94 -1 0 -8001
4 2 1 2 92 
4 3 1 2 57 
4 5 1 2 237 
4 6 1 2 3 
3
5 107
2 94 -1 0 -8001
4 2 1 2 128 
4 3 1 2 33 
4 5 1 2 236 
3
5 108
2 94 -1 0 -8001
4 2 1 2 44 
4 3 1 2 75 
4 5 1 2 172 
4 6 1 2 3 
3
5 109
2 94 -1 0 -8001
4 2 1 2 108 
4 3 1 2 141 
4 5 1 2 16 
3
5 110
2 94 -1 0 -8001
4 2 1 2 36 
4 3 1 2 71 
4 5 1 2 173 
4 6 1 2 3 
3
5 111
2 17 -1 0 -8001
4 2 1 2 24 
4 3 1 2 138 
4 5 1 2 32 
3
5 112
2 17 -1 0 -8001
4 2 1 2 44 
4 3 1 2 136 
4 5 1 2 56 
3
5 113
2 17 -1 0 -8001
4 2 1 2 132 
4 3 1 2 146 
4 5 1 2 64 
3
5 114
2 67 -1 0 -8001
4 2 1 2 4 
4 3 1 2 148 
4 5 1 2 32 
4 1 1 2 2 
4 8 1 2 1 
3
5 115
2 67 -1 0 -8001
4 2 1 2 64 
4 3 1 2 141 
4 5 1 2 32 
4 1 1 2 2 
4 8 1 2 1 
3
5 116
2 67 -1 0 -8001
4 2 1 2 100 
4 3 1 2 135 
4 5 1 2 33 
4 1 1 2 2 
4 8 1 2 1 
3
5 117
5 -8001
2 2 -1 8002 -1
4 5 1 4 8003 
4 9 1 4 8001 
4 7 1 4 8005 
4 3 1 4 8003 
4 14 1 2 0 
3
2 45 -1 0 -8002
4 2 1 2 0 
4 3 1 2 4 
4 5 1 2 204 
3
5 119
2 80 -1 0 -8002
4 2 1 2 0 
4 3 1 2 0 
4 5 1 2 0 
4 1 1 2 4 
3
5 120
2 94 -1 0 -8002
4 2 1 2 16 
4 3 1 2 148 
4 5 1 2 252 
4 1 1 2 6 
3
5 121
2 71 -1 0 -8002
4 2 1 2 52 
4 3 1 2 138 
4 5 1 2 32 
4 8 1 2 1 
3
5 122
2 94 -1 0 -8002
4 2 1 2 64 
4 3 1 2 33 
4 5 1 2 252 
4 1 1 2 6 
4 6 1 2 1 
3
5 123
2 94 -1 0 -8002
4 2 1 2 56 
4 3 1 2 62 
4 5 1 2 236 
4 1 1 2 6 
4 6 1 2 2 
3
5 124
2 94 -1 0 -8002
4 2 1 2 92 
4 3 1 2 23 
4 5 1 2 64 
4 1 1 2 6 
3
5 125
2 80 -1 0 -8002
4 2 1 2 120 
4 3 1 2 90 
4 5 1 2 140 
4 1 1 2 11 
3
5 126
2 17 -1 0 -8002
4 2 1 2 112 
4 3 1 2 138 
4 5 1 2 9 
4 1 1 2 4 
4 6 1 2 2 
3
5 127
2 17 -1 0 -8002
4 2 1 2 40 
4 3 1 2 147 
4 5 1 2 56 
3
5 128
2 17 -1 0 -8002
4 2 1 2 124 
4 3 1 2 133 
4 5 1 2 96 
3
5 129
2 67 -1 0 -8002
4 2 1 2 60 
4 3 1 2 148 
4 5 1 2 32 
4 1 1 2 2 
4 8 1 2 1 
3
5 130
2 67 -1 0 -8002
4 2 1 2 72 
4 3 1 2 135 
4 5 1 2 33 
4 1 1 2 2 
4 8 1 2 1 
3
5 131
2 17 -1 0 -8002
4 2 1 2 128 
4 3 1 2 138 
4 5 1 2 9 
4 1 1 2 4 
3
5 132
5 -8002
2 2 -1 8003 -1
4 5 1 4 8006 
4 9 1 4 8002 
4 7 1 4 8006 
4 3 1 4 8002 
4 14 1 2 0 
3
2 17 -1 0 -8003
4 2 1 2 8 
4 3 1 2 130 
4 5 1 2 16 
4 1 1 2 4 
3
5 134
2 97 -1 0 -8003
4 2 1 2 0 
4 3 1 2 0 
4 5 1 2 0 
4 1 1 2 4 
3
5 135
2 45 -1 0 -8003
4 2 1 2 0 
4 3 1 2 4 
4 5 1 2 204 
3
5 136
2 17 -1 0 -8003
4 2 1 2 36 
4 3 1 2 131 
4 5 1 2 16 
4 1 1 2 4 
4 6 1 2 2 
3
5 137
2 94 -1 0 -8003
4 2 1 2 16 
4 3 1 2 34 
4 5 1 2 196 
3
5 138
2 94 -1 0 -8003
4 2 1 2 60 
4 3 1 2 36 
4 5 1 2 228 
3
5 139
2 94 -1 0 -8003
4 2 1 2 64 
4 3 1 2 68 
4 5 1 2 228 
4 6 1 2 3 
3
5 140
2 94 -1 0 -8003
4 2 1 2 56 
4 3 1 2 66 
4 5 1 2 229 
4 6 1 2 3 
3
5 141
2 94 -1 0 -8003
4 2 1 2 104 
4 3 1 2 141 
4 5 1 2 164 
4 1 1 2 10 
3
5 142
2 17 -1 0 -8003
4 2 1 2 108 
4 3 1 2 142 
4 5 1 2 17 
4 1 1 2 4 
3
5 143
2 17 -1 0 -8003
4 2 1 2 84 
4 3 1 2 142 
4 5 1 2 16 
4 1 1 2 4 
4 6 1 2 1 
3
5 144
2 80 -1 0 -8003
4 2 1 2 140 
4 3 1 2 100 
4 5 1 2 140 
4 1 1 2 11 
3
5 145
2 94 -1 0 -8003
4 2 1 2 112 
4 3 1 2 30 
4 5 1 2 16 
4 1 1 2 1 
3
5 146
5 -8003
2 2 -1 8004 -1
4 5 1 4 8005 
4 9 1 4 8008 
4 7 1 4 8008 
4 3 1 4 8001 
4 14 1 2 0 
3
2 45 -1 0 -8004
4 2 1 2 0 
4 3 1 2 4 
4 5 1 2 204 
3
5 148
2 80 -1 0 -8004
4 2 1 2 0 
4 3 1 2 0 
4 5 1 2 0 
4 1 1 2 4 
3
5 149
2 94 -1 0 -8004
4 2 1 2 80 
4 3 1 2 134 
4 5 1 2 1 
4 1 1 2 7 
3
5 150
2 71 -1 0 -8004
4 2 1 2 32 
4 3 1 2 138 
4 5 1 2 32 
4 8 1 2 1 
3
5 151
2 94 -1 0 -8004
4 2 1 2 104 
4 3 1 2 35 
4 5 1 2 172 
3
5 152
2 94 -1 0 -8004
4 2 1 2 64 
4 3 1 2 144 
4 5 1 2 140 
4 1 1 2 1 
4 6 1 2 1 
3
5 153
2 94 -1 0 -8004
4 2 1 2 32 
4 3 1 2 32 
4 5 1 2 164 
4 1 1 2 1 
4 6 1 2 1 
3
5 154
2 94 -1 0 -8004
4 2 1 2 144 
4 3 1 2 33 
4 5 1 2 16 
3
5 155
2 94 -1 0 -8004
4 2 1 2 108 
4 3 1 2 75 
4 5 1 2 172 
4 6 1 2 3 
3
5 156
2 94 -1 0 -8004
4 2 1 2 0 
4 3 1 2 31 
4 5 1 2 172 
4 1 1 2 1 
4 6 1 2 1 
3
5 157
2 94 -1 0 -8004
4 2 1 2 100 
4 3 1 2 71 
4 5 1 2 173 
4 6 1 2 3 
3
5 158
2 94 -1 0 -8004
4 2 1 2 96 
4 3 1 2 138 
4 5 1 2 1 
4 1 1 2 7 
3
5 159
2 94 -1 0 -8004
4 2 1 2 48 
4 3 1 2 148 
4 5 1 2 16 
4 1 1 2 1 
4 6 1 2 1 
3
5 160
5 -8004
2 2 -1 8005 -1
4 5 1 4 8006 
4 9 1 4 8004 
4 7 1 4 8009 
4 3 1 4 8002 
4 14 1 2 0 
3
2 45 -1 0 -8005
4 2 1 2 0 
4 3 1 2 4 
4 5 1 2 204 
3
5 162
2 80 -1 0 -8005
4 2 1 2 0 
4 3 1 2 0 
4 5 1 2 0 
4 1 1 2 4 
3
5 163
2 39 -1 0 -8005
4 2 1 2 64 
4 3 1 2 35 
4 5 1 2 16 
3
5 164
2 17 -1 0 -8005
4 2 1 2 4 
4 3 1 2 131 
4 5 1 2 16 
4 1 1 2 4 
4 6 1 2 1 
3
5 165
2 94 -1 0 -8005
4 2 1 2 20 
4 3 1 2 133 
4 5 1 2 188 
4 1 1 2 1 
3
5 166
2 17 -1 0 -8005
4 2 1 2 32 
4 3 1 2 150 
4 5 1 2 56 
4 1 1 2 3 
3
5 167
2 17 -1 0 -8005
4 2 1 2 36 
4 3 1 2 41 
4 5 1 2 56 
4 1 1 2 3 
4 6 1 2 2 
3
5 168
2 94 -1 0 -8005
4 2 1 2 132 
4 3 1 2 38 
4 5 1 2 172 
4 1 1 2 1 
4 6 1 2 1 
3
5 169
2 17 -1 0 -8005
4 2 1 2 36 
4 3 1 2 131 
4 5 1 2 16 
4 1 1 2 4 
4 6 1 2 2 
3
5 170
2 17 -1 0 -8005
4 2 1 2 84 
4 3 1 2 129 
4 5 1 2 17 
4 1 1 2 4 
4 6 1 2 2 
3
5 171
2 17 -1 0 -8005
4 2 1 2 108 
4 3 1 2 129 
4 5 1 2 17 
4 1 1 2 4 
4 6 1 2 2 
3
5 172
2 17 -1 0 -8005
4 2 1 2 136 
4 3 1 2 134 
4 5 1 2 17 
4 1 1 2 4 
4 6 1 2 2 
3
5 173
2 17 -1 0 -8005
4 2 1 2 164 
4 3 1 2 132 
4 5 1 2 17 
4 1 1 2 4 
4 6 1 2 2 
3
5 174
2 94 -1 0 -8005
4 2 1 2 96 
4 3 1 2 155 
4 5 1 2 56 
4 1 1 2 4 
3
5 175
2 94 -1 0 -8005
4 2 1 2 132 
4 3 1 2 58 
4 5 1 2 172 
4 1 1 2 1 
4 6 1 2 2 
3
5 176
2 17 -1 0 -8005
4 2 1 2 8 
4 3 1 2 29 
4 5 1 2 56 
4 1 1 2 3 
4 6 1 2 2 
3
5 177
2 17 -1 0 -8005
4 2 1 2 40 
4 3 1 2 37 
4 5 1 2 57 
4 1 1 2 3 
4 6 1 2 2 
3
5 178
2 39 -1 0 -8005
4 2 1 2 56 
4 3 1 2 73 
4 5 1 2 16 
4 6 1 2 3 
3
5 179
2 39 -1 0 -8005
4 2 1 2 88 
4 3 1 2 73 
4 5 1 2 17 
4 6 1 2 3 
3
5 180
5 -8005
2 2 -1 8006 -1
4 5 1 4 8003 
4 9 1 4 8005 
4 7 1 4 8010 
4 3 1 4 8003 
4 14 1 2 0 
3
2 45 -1 0 -8006
4 2 1 2 0 
4 3 1 2 4 
4 5 1 2 204 
3
5 182
2 80 -1 0 -8006
4 2 1 2 0 
4 3 1 2 0 
4 5 1 2 0 
4 1 1 2 4 
3
5 183
2 94 -1 0 -8006
4 2 1 2 32 
4 3 1 2 129 
4 5 1 2 16 
4 1 1 2 11 
4 6 1 2 2 
3
5 184
2 94 -1 0 -8006
4 2 1 2 52 
4 3 1 2 136 
4 5 1 2 32 
4 1 1 2 10 
3
5 185
2 94 -1 0 -8006
4 2 1 2 32 
4 3 1 2 35 
4 5 1 2 172 
3
5 186
2 94 -1 0 -8006
4 2 1 2 84 
4 3 1 2 40 
4 5 1 2 172 
4 1 1 2 10 
3
5 187
2 94 -1 0 -8006
4 2 1 2 124 
4 3 1 2 44 
4 5 1 2 228 
4 1 1 2 1 
3
5 188
2 94 -1 0 -8006
4 2 1 2 120 
4 3 1 2 133 
4 5 1 2 56 
3
5 189
2 94 -1 0 -8006
4 2 1 2 32 
4 3 1 2 75 
4 5 1 2 188 
4 6 1 2 3 
3
5 190
2 94 -1 0 -8006
4 2 1 2 0 
4 3 1 2 33 
4 5 1 2 72 
4 1 1 2 1 
3
5 191
2 94 -1 0 -8006
4 2 1 2 32 
4 3 1 2 71 
4 5 1 2 189 
4 6 1 2 3 
3
5 192
2 17 -1 0 -8006
4 2 1 2 16 
4 3 1 2 133 
4 5 1 2 40 
4 1 1 2 1 
3
5 193
2 71 -1 0 -8006
4 2 1 2 100 
4 3 1 2 139 
4 5 1 2 88 
4 1 1 2 1 
4 8 1 2 1 
3
5 194
2 94 -1 0 -8006
4 2 1 2 80 
4 3 1 2 129 
4 5 1 2 17 
4 1 1 2 11 
4 6 1 2 2 
3
5 195
5 -8006
2 2 -1 8007 -1
4 7 1 4 8013 
4 14 1 2 0 
3
2 45 -1 0 -8007
4 2 1 2 0 
4 3 1 2 4 
4 5 1 2 204 
3
5 197
2 80 -1 0 -8007
4 2 1 2 0 
4 3 1 2 0 
4 5 1 2 0 
4 1 1 2 4 
3
5 198
2 93 -1 0 -8007
4 2 1 2 4 
4 3 1 2 73 
4 5 1 2 196 
4 8 1 2 1 
4 9 1 2 253 
4 10 1 2 28 
4 11 1 2 3 
4 12 1 2 28 
4 13 1 2 39 
4 14 1 2 1 
4 15 1 2 15 
4 16 1 2 85 
4 17 1 2 85 
4 18 1 2 95 
4 19 1 2 85 
4 20 1 2 127 
4 21 1 2 213 
4 22 1 2 127 
4 23 1 2 213 
4 24 1 2 127 
4 25 1 2 213 
4 26 1 2 95 
4 27 1 2 85 
4 28 1 2 85 
4 29 1 2 85 
4 30 1 2 85 
4 31 1 2 85 
4 32 1 2 85 
4 33 1 2 85 
4 34 1 2 85 
4 35 1 2 85 
4 36 1 2 213 
4 37 1 2 87 
4 38 1 2 245 
4 39 1 2 95 
4 40 1 2 245 
4 41 1 2 95 
4 42 1 2 245 
4 43 1 2 95 
4 44 1 2 213 
4 45 1 2 87 
4 46 1 2 85 
4 47 1 2 85 
3
5 199
2 94 -1 0 -8007
4 2 1 2 12 
4 3 1 2 35 
4 5 1 2 188 
3
5 200
2 94 -1 0 -8007
4 2 1 2 36 
4 3 1 2 80 
4 5 1 2 0 
4 1 1 2 7 
3
5 201
2 94 -1 0 -8007
4 2 1 2 12 
4 3 1 2 66 
4 5 1 2 196 
4 6 1 2 3 
3
5 202
2 94 -1 0 -8007
4 2 1 2 36 
4 3 1 2 35 
4 5 1 2 0 
4 1 1 2 7 
3
5 203
2 94 -1 0 -8007
4 2 1 2 8 
4 3 1 2 66 
4 5 1 2 197 
4 6 1 2 3 
3
5 204
2 79 -1 0 -8007
4 2 1 2 148 
4 3 1 2 32 
4 5 1 2 252 
4 1 1 2 3 
4 8 1 2 32 
4 9 1 2 32 
4 10 1 2 84 
4 11 1 2 72 
4 12 1 2 69 
4 13 1 2 134 
4 14 1 2 128 
4 15 1 2 72 
4 16 1 2 69 
4 17 1 2 82 
4 18 1 2 77 
4 19 1 2 73 
4 20 1 2 84 
4 21 1 2 45 
4 22 1 2 134 
4 23 1 2 32 
4 24 1 2 32 
4 25 1 2 65 
4 26 1 2 71 
4 27 1 2 69 
4 28 1 2 32 
4 29 1 2 32 
4 30 1 2 32 
4 31 1 2 32 
4 32 1 2 32 
4 33 1 2 32 
4 34 1 2 32 
4 35 1 2 32 
4 36 1 2 32 
4 37 1 2 32 
4 38 1 2 32 
4 39 1 2 32 
4 40 1 2 32 
4 41 1 2 32 
4 42 1 2 32 
4 43 1 2 32 
4 44 1 2 32 
4 45 1 2 32 
4 46 1 2 32 
4 47 1 2 32 
3
5 205
2 43 -1 0 -8007
4 2 1 2 68 
4 3 1 2 155 
4 5 1 2 0 
4 6 1 2 1 
4 8 1 2 0 
4 9 1 2 0 
4 10 1 2 0 
4 11 1 2 0 
4 12 1 2 0 
4 13 1 2 0 
4 14 1 2 245 
4 15 1 2 0 
4 16 1 2 233 
4 17 1 2 0 
4 18 1 2 222 
4 19 1 2 255 
4 20 1 2 211 
4 21 1 2 253 
4 22 1 2 204 
3
2 94 -1 0 206
4 2 1 2 0 
4 3 1 2 0 
4 5 1 2 0 
4 1 1 2 7 
3
5 207
2 94 -1 0 206
4 2 1 2 1 
4 3 1 2 1 
4 5 1 2 0 
4 1 1 2 7 
3
5 208
2 94 -1 0 206
4 2 1 2 2 
4 3 1 2 2 
4 5 1 2 0 
4 1 1 2 7 
3
5 209
2 94 -1 0 206
4 2 1 2 3 
4 3 1 2 3 
4 5 1 2 0 
4 1 1 2 7 
3
5 210
2 94 -1 0 206
4 2 1 2 4 
4 3 1 2 4 
4 5 1 2 0 
4 1 1 2 7 
3
5 211
2 94 -1 0 206
4 2 1 2 5 
4 3 1 2 5 
4 5 1 2 0 
4 1 1 2 7 
3
5 212
5 206
2 94 -1 0 -8007
4 2 1 2 36 
4 3 1 2 46 
4 5 1 2 0 
4 1 1 2 7 
3
5 213
2 92 -1 0 -8007
4 2 1 2 56 
4 3 1 2 34 
4 5 1 2 204 
4 8 1 2 1 
4 9 1 2 14 
4 10 1 2 44 
4 11 1 2 240 
4 12 1 2 61 
4 13 1 2 69 
3
5 214
2 94 -1 0 -8007
4 2 1 2 36 
4 3 1 2 57 
4 5 1 2 0 
4 1 1 2 7 
3
5 215
2 94 -1 0 -8007
4 2 1 2 36 
4 3 1 2 68 
4 5 1 2 0 
4 1 1 2 7 
3
5 216
2 94 -1 0 -8007
4 2 1 2 44 
4 3 1 2 84 
4 5 1 2 0 
4 1 1 2 7 
3
5 217
2 94 -1 0 -8007
4 2 1 2 52 
4 3 1 2 84 
4 5 1 2 0 
4 1 1 2 7 
3
5 218
5 -8007
2 2 -1 8008 -1
4 5 1 4 8009 
4 9 1 4 8004 
4 7 1 4 8014 
4 3 1 4 8004 
4 14 1 2 0 
3
2 45 -1 0 -8008
4 2 1 2 0 
4 3 1 2 4 
4 5 1 2 204 
3
5 220
2 80 -1 0 -8008
4 2 1 2 0 
4 3 1 2 0 
4 5 1 2 0 
4 1 1 2 4 
3
5 221
2 94 -1 0 -8008
4 2 1 2 92 
4 3 1 2 56 
4 5 1 2 172 
4 1 1 2 1 
4 6 1 2 2 
3
5 222
2 67 -1 0 -8008
4 2 1 2 24 
4 3 1 2 50 
4 5 1 2 196 
4 8 1 2 1 
3
5 223
2 67 -1 0 -8008
4 2 1 2 52 
4 3 1 2 154 
4 5 1 2 32 
4 1 1 2 1 
4 8 1 2 1 
3
5 224
2 67 -1 0 -8008
4 2 1 2 40 
4 3 1 2 48 
4 5 1 2 196 
4 8 1 2 1 
3
5 225
2 67 -1 0 -8008
4 2 1 2 32 
4 3 1 2 48 
4 5 1 2 196 
4 8 1 2 1 
3
5 226
2 67 -1 0 -8008
4 2 1 2 48 
4 3 1 2 46 
4 5 1 2 16 
4 8 1 2 1 
3
5 227
2 94 -1 0 -8008
4 2 1 2 92 
4 3 1 2 40 
4 5 1 2 172 
4 1 1 2 1 
4 6 1 2 1 
3
5 228
2 94 -1 0 -8008
4 2 1 2 0 
4 3 1 2 40 
4 5 1 2 196 
4 1 1 2 1 
3
5 229
2 67 -1 0 -8008
4 2 1 2 36 
4 3 1 2 170 
4 5 1 2 16 
4 8 1 2 1 
3
5 230
2 17 -1 0 -8008
4 2 1 2 12 
4 3 1 2 152 
4 5 1 2 32 
3
5 231
2 67 -1 0 -8008
4 2 1 2 36 
4 3 1 2 143 
4 5 1 2 32 
4 1 1 2 1 
4 8 1 2 1 
3
5 232
2 17 -1 0 -8008
4 2 1 2 132 
4 3 1 2 142 
4 5 1 2 40 
3
5 233
2 67 -1 0 -8008
4 2 1 2 52 
4 3 1 2 128 
4 5 1 2 32 
4 1 1 2 1 
4 8 1 2 1 
3
5 234
2 67 -1 0 -8008
4 2 1 2 52 
4 3 1 2 143 
4 5 1 2 32 
4 1 1 2 1 
4 8 1 2 1 
3
5 235
2 67 -1 0 -8008
4 2 1 2 76 
4 3 1 2 143 
4 5 1 2 32 
4 1 1 2 1 
4 8 1 2 1 
3
5 236
2 67 -1 0 -8008
4 2 1 2 96 
4 3 1 2 143 
4 5 1 2 32 
4 1 1 2 1 
4 8 1 2 1 
3
5 237
5 -8008
2 2 -1 8009 -1
4 5 1 4 8010 
4 9 1 4 8008 
4 7 1 4 8015 
4 3 1 4 8005 
4 14 1 2 0 
3
2 45 -1 0 -8009
4 2 1 2 0 
4 3 1 2 4 
4 5 1 2 204 
3
5 239
2 80 -1 0 -8009
4 2 1 2 0 
4 3 1 2 0 
4 5 1 2 0 
4 1 1 2 4 
3
5 240
2 84 -1 0 -8009
4 2 1 2 68 
4 3 1 2 12 
4 5 1 2 80 
4 6 1 2 5 
4 8 1 2 0 
4 9 1 2 0 
3
5 241
2 71 -1 0 -8009
4 2 1 2 8 
4 3 1 2 138 
4 5 1 2 8 
4 8 1 2 1 
3
5 242
2 94 -1 0 -8009
4 2 1 2 104 
4 3 1 2 35 
4 5 1 2 172 
3
5 243
2 94 -1 0 -8009
4 2 1 2 48 
4 3 1 2 144 
4 5 1 2 196 
4 1 1 2 1 
3
5 244
2 94 -1 0 -8009
4 2 1 2 28 
4 3 1 2 44 
4 5 1 2 16 
4 1 1 2 1 
3
5 245
2 94 -1 0 -8009
4 2 1 2 144 
4 3 1 2 133 
4 5 1 2 16 
3
5 246
2 94 -1 0 -8009
4 2 1 2 108 
4 3 1 2 75 
4 5 1 2 172 
4 6 1 2 3 
3
5 247
2 94 -1 0 -8009
4 2 1 2 0 
4 3 1 2 31 
4 5 1 2 172 
4 1 1 2 1 
3
5 248
2 94 -1 0 -8009
4 2 1 2 100 
4 3 1 2 71 
4 5 1 2 173 
4 6 1 2 3 
3
5 249
5 -8009
2 2 -1 8010 -1
4 5 1 4 8016 
4 9 1 4 8009 
4 7 1 4 8016 
4 3 1 4 8006 
4 14 1 2 0 
3
2 17 -1 0 -8010
4 2 1 2 0 
4 3 1 2 30 
4 5 1 2 32 
4 1 1 2 4 
3
5 251
2 97 -1 0 -8010
4 2 1 2 0 
4 3 1 2 0 
4 5 1 2 0 
4 1 1 2 4 
3
5 252
2 45 -1 0 -8010
4 2 1 2 0 
4 3 1 2 4 
4 5 1 2 204 
3
5 253
2 17 -1 0 -8010
4 2 1 2 32 
4 3 1 2 34 
4 5 1 2 16 
4 1 1 2 4 
4 6 1 2 2 
3
5 254
2 17 -1 0 -8010
4 2 1 2 72 
4 3 1 2 32 
4 5 1 2 97 
4 1 1 2 4 
4 6 1 2 2 
3
5 255
2 17 -1 0 -8010
4 2 1 2 76 
4 3 1 2 36 
4 5 1 2 16 
4 1 1 2 4 
4 6 1 2 2 
3
5 256
2 17 -1 0 -8010
4 2 1 2 108 
4 3 1 2 34 
4 5 1 2 16 
4 1 1 2 4 
4 6 1 2 2 
3
5 257
2 17 -1 0 -8010
4 2 1 2 136 
4 3 1 2 36 
4 5 1 2 16 
4 1 1 2 4 
4 6 1 2 2 
3
5 258
2 94 -1 0 -8010
4 2 1 2 136 
4 3 1 2 141 
4 5 1 2 48 
4 1 1 2 10 
3
5 259
2 17 -1 0 -8010
4 2 1 2 96 
4 3 1 2 158 
4 5 1 2 80 
4 1 1 2 4 
4 6 1 2 1 
3
5 260
2 17 -1 0 -8010
4 2 1 2 16 
4 3 1 2 152 
4 5 1 2 24 
4 1 1 2 4 
4 6 1 2 2 
3
5 261
2 80 -1 0 -8010
4 2 1 2 56 
4 3 1 2 96 
4 5 1 2 140 
4 1 1 2 11 
3
5 262
2 17 -1 0 -8010
4 2 1 2 52 
4 3 1 2 141 
4 5 1 2 33 
4 1 1 2 4 
4 6 1 2 2 
3
5 263
2 17 -1 0 -8010
4 2 1 2 84 
4 3 1 2 151 
4 5 1 2 57 
4 1 1 2 4 
4 6 1 2 2 
3
5 264
2 17 -1 0 -8010
4 2 1 2 92 
4 3 1 2 136 
4 5 1 2 17 
4 1 1 2 4 
4 6 1 2 2 
3
5 265
2 17 -1 0 -8010
4 2 1 2 112 
4 3 1 2 131 
4 5 1 2 17 
4 1 1 2 4 
4 6 1 2 1 
3
5 266
2 17 -1 0 -8010
4 2 1 2 120 
4 3 1 2 141 
4 5 1 2 25 
4 1 1 2 4 
4 6 1 2 2 
3
5 267
2 17 -1 0 -8010
4 2 1 2 64 
4 3 1 2 132 
4 5 1 2 17 
4 1 1 2 4 
4 6 1 2 2 
3
5 268
2 17 -1 0 -8010
4 2 1 2 0 
4 3 1 2 132 
4 5 1 2 16 
4 1 1 2 4 
4 6 1 2 2 
3
5 269
2 17 -1 0 -8010
4 2 1 2 160 
4 3 1 2 135 
4 5 1 2 97 
4 1 1 2 4 
4 6 1 2 2 
3
5 270
2 80 -1 0 -8010
4 2 1 2 40 
4 3 1 2 90 
4 5 1 2 140 
4 1 1 2 11 
3
5 271
2 80 -1 0 -8010
4 2 1 2 96 
4 3 1 2 105 
4 5 1 2 140 
4 1 1 2 11 
3
5 272
5 -8010
2 2 -1 8011 -1
4 5 1 4 8012 
4 7 1 4 8032 
4 14 1 2 0 
3
2 45 -1 0 -8011
4 2 1 2 0 
4 3 1 2 4 
4 5 1 2 196 
3
5 274
2 43 -1 0 -8011
4 2 1 2 32 
4 3 1 2 41 
4 5 1 2 0 
4 6 1 2 1 
4 8 1 2 0 
4 9 1 2 0 
4 10 1 2 0 
4 11 1 2 255 
4 12 1 2 185 
4 13 1 2 5 
4 14 1 2 186 
4 15 1 2 11 
4 16 1 2 184 
4 17 1 2 17 
4 18 1 2 186 
4 19 1 2 23 
4 20 1 2 186 
4 21 1 2 249 
4 22 1 2 188 
3
2 56 -1 0 275
4 2 1 2 0 
4 3 1 2 0 
4 5 1 2 88 
4 1 1 2 12 
4 8 1 2 0 
3
5 276
2 56 -1 0 275
4 2 1 2 2 
4 3 1 2 2 
4 5 1 2 80 
4 1 1 2 12 
4 8 1 2 0 
3
5 277
2 56 -1 0 275
4 2 1 2 1 
4 3 1 2 1 
4 5 1 2 96 
4 1 1 2 12 
4 8 1 2 0 
3
5 278
2 56 -1 0 275
4 2 1 2 3 
4 3 1 2 3 
4 5 1 2 48 
4 1 1 2 12 
4 8 1 2 0 
3
5 279
2 56 -1 0 275
4 2 1 2 4 
4 3 1 2 4 
4 5 1 2 64 
4 1 1 2 12 
4 8 1 2 0 
3
5 280
2 56 -1 0 275
4 2 1 2 5 
4 3 1 2 5 
4 5 1 2 16 
4 1 1 2 12 
4 8 1 2 0 
3
5 281
5 275
2 93 -1 0 -8011
4 2 1 2 0 
4 3 1 2 40 
4 5 1 2 188 
4 8 1 2 1 
4 9 1 2 0 
4 10 1 2 159 
4 11 1 2 0 
4 12 1 2 159 
4 13 1 2 88 
4 14 1 2 1 
4 15 1 2 15 
4 16 1 2 185 
4 17 1 2 185 
4 18 1 2 185 
4 19 1 2 185 
4 20 1 2 185 
4 21 1 2 185 
4 22 1 2 185 
4 23 1 2 185 
4 24 1 2 170 
4 25 1 2 169 
4 26 1 2 185 
4 27 1 2 185 
4 28 1 2 185 
4 29 1 2 185 
4 30 1 2 185 
4 31 1 2 185 
4 32 1 2 185 
4 33 1 2 185 
4 34 1 2 169 
4 35 1 2 170 
4 36 1 2 185 
4 37 1 2 185 
4 38 1 2 185 
4 39 1 2 185 
4 40 1 2 185 
4 41 1 2 185 
4 42 1 2 185 
4 43 1 2 185 
4 44 1 2 185 
4 45 1 2 185 
4 46 1 2 185 
4 47 1 2 185 
3
5 282
2 43 -1 0 -8011
4 2 1 2 32 
4 3 1 2 41 
4 5 1 2 0 
4 6 1 2 1 
4 8 1 2 0 
4 9 1 2 0 
4 10 1 2 0 
4 11 1 2 22 
4 12 1 2 216 
4 13 1 2 254 
4 14 1 2 216 
4 15 1 2 10 
4 16 1 2 218 
4 17 1 2 3 
4 18 1 2 218 
4 19 1 2 16 
4 20 1 2 220 
4 21 1 2 248 
4 22 1 2 218 
3
2 11 -1 0 283
4 2 1 2 0 
4 3 1 2 0 
4 5 1 2 0 
3
5 284
2 11 -1 0 283
4 2 1 2 1 
4 3 1 2 1 
4 5 1 2 0 
3
5 285
2 11 -1 0 283
4 2 1 2 2 
4 3 1 2 2 
4 5 1 2 0 
3
5 286
2 57 -1 0 283
4 2 1 2 3 
4 3 1 2 3 
4 5 1 2 16 
3
5 287
2 57 -1 0 283
4 2 1 2 4 
4 3 1 2 4 
4 5 1 2 48 
3
5 288
2 57 -1 0 283
4 2 1 2 5 
4 3 1 2 5 
4 5 1 2 0 
3
5 289
5 283
2 95 -1 0 -8011
4 2 1 2 28 
4 3 1 2 146 
4 5 1 2 252 
4 1 1 2 1 
4 6 1 2 1 
4 8 1 2 0 
4 9 1 2 0 
4 10 1 2 0 
3
2 96 -1 0 290
4 2 1 2 0 
4 3 1 2 0 
4 5 1 2 0 
4 1 1 2 1 
4 8 1 2 0 
4 9 1 2 0 
4 10 1 2 0 
4 11 1 2 0 
4 12 1 2 0 
3
2 99 -1 0 291
4 2 1 2 1 
4 3 1 2 1 
4 5 1 2 8 
4 8 1 2 0 
3
5 292
2 99 -1 0 291
4 2 1 2 0 
4 3 1 2 0 
4 5 1 2 16 
4 8 1 2 0 
3
5 293
5 291
2 99 -1 0 290
4 2 1 2 1 
4 3 1 2 1 
4 5 1 2 0 
4 6 1 2 1 
4 8 1 2 0 
3
5 294
5 290
2 77 -1 0 -8011
4 2 1 2 88 
4 3 1 2 56 
4 5 1 2 156 
4 1 1 2 4 
4 8 1 2 78 
4 9 1 2 97 
4 10 1 2 116 
4 11 1 2 105 
4 12 1 2 118 
4 13 1 2 101 
4 14 1 2 32 
4 15 1 2 65 
4 16 1 2 114 
4 17 1 2 116 
3
5 295
5 -8011
2 2 -1 8012 -1
4 9 1 4 8011 
4 7 1 4 8033 
4 14 1 2 0 
3
2 45 -1 0 -8012
4 2 1 2 0 
4 3 1 2 4 
4 5 1 2 196 
3
5 297
2 43 -1 0 -8012
4 2 1 2 32 
4 3 1 2 41 
4 5 1 2 0 
4 6 1 2 1 
4 8 1 2 0 
4 9 1 2 0 
4 10 1 2 0 
4 11 1 2 255 
4 12 1 2 186 
4 13 1 2 5 
4 14 1 2 186 
4 15 1 2 11 
4 16 1 2 186 
4 17 1 2 17 
4 18 1 2 186 
4 19 1 2 23 
4 20 1 2 186 
4 21 1 2 249 
4 22 1 2 186 
3
2 56 -1 0 298
4 2 1 2 0 
4 3 1 2 0 
4 5 1 2 236 
4 1 1 2 12 
4 8 1 2 0 
3
5 299
2 56 -1 0 298
4 2 1 2 2 
4 3 1 2 2 
4 5 1 2 0 
4 1 1 2 12 
4 8 1 2 0 
3
5 300
2 56 -1 0 298
4 2 1 2 1 
4 3 1 2 1 
4 5 1 2 16 
4 1 1 2 12 
4 8 1 2 0 
3
5 301
2 56 -1 0 298
4 2 1 2 3 
4 3 1 2 3 
4 5 1 2 32 
4 1 1 2 12 
4 8 1 2 0 
3
5 302
2 56 -1 0 298
4 2 1 2 4 
4 3 1 2 4 
4 5 1 2 56 
4 1 1 2 12 
4 8 1 2 0 
3
5 303
2 56 -1 0 298
4 2 1 2 5 
4 3 1 2 5 
4 5 1 2 80 
4 1 1 2 12 
4 8 1 2 0 
3
5 304
5 298
2 93 -1 0 -8012
4 2 1 2 0 
4 3 1 2 40 
4 5 1 2 188 
4 8 1 2 1 
4 9 1 2 0 
4 10 1 2 159 
4 11 1 2 0 
4 12 1 2 159 
4 13 1 2 88 
4 14 1 2 1 
4 15 1 2 15 
4 16 1 2 185 
4 17 1 2 185 
4 18 1 2 185 
4 19 1 2 185 
4 20 1 2 185 
4 21 1 2 185 
4 22 1 2 185 
4 23 1 2 185 
4 24 1 2 170 
4 25 1 2 169 
4 26 1 2 185 
4 27 1 2 185 
4 28 1 2 185 
4 29 1 2 185 
4 30 1 2 185 
4 31 1 2 185 
4 32 1 2 185 
4 33 1 2 185 
4 34 1 2 169 
4 35 1 2 170 
4 36 1 2 185 
4 37 1 2 185 
4 38 1 2 185 
4 39 1 2 185 
4 40 1 2 185 
4 41 1 2 185 
4 42 1 2 185 
4 43 1 2 185 
4 44 1 2 185 
4 45 1 2 185 
4 46 1 2 185 
4 47 1 2 185 
3
5 305
2 43 -1 0 -8012
4 2 1 2 32 
4 3 1 2 41 
4 5 1 2 0 
4 6 1 2 1 
4 8 1 2 0 
4 9 1 2 0 
4 10 1 2 0 
4 11 1 2 248 
4 12 1 2 216 
4 13 1 2 254 
4 14 1 2 216 
4 15 1 2 4 
4 16 1 2 218 
4 17 1 2 9 
4 18 1 2 218 
4 19 1 2 16 
4 20 1 2 220 
4 21 1 2 21 
4 22 1 2 218 
3
2 11 -1 0 306
4 2 1 2 0 
4 3 1 2 0 
4 5 1 2 0 
3
5 307
2 11 -1 0 306
4 2 1 2 1 
4 3 1 2 1 
4 5 1 2 0 
3
5 308
2 11 -1 0 306
4 2 1 2 2 
4 3 1 2 2 
4 5 1 2 0 
3
5 309
2 57 -1 0 306
4 2 1 2 3 
4 3 1 2 3 
4 5 1 2 16 
3
5 310
2 57 -1 0 306
4 2 1 2 4 
4 3 1 2 4 
4 5 1 2 48 
3
5 311
2 57 -1 0 306
4 2 1 2 5 
4 3 1 2 5 
4 5 1 2 0 
3
5 312
5 306
2 95 -1 0 -8012
4 2 1 2 108 
4 3 1 2 146 
4 5 1 2 252 
4 1 1 2 1 
4 6 1 2 1 
4 8 1 2 0 
4 9 1 2 0 
4 10 1 2 0 
3
2 96 -1 0 313
4 2 1 2 0 
4 3 1 2 0 
4 5 1 2 0 
4 1 1 2 1 
4 8 1 2 0 
4 9 1 2 0 
4 10 1 2 0 
4 11 1 2 0 
4 12 1 2 0 
3
2 56 -1 0 314
4 2 1 2 5 
4 3 1 2 5 
4 5 1 2 8 
4 1 1 2 2 
4 8 1 2 0 
3
5 315
2 56 -1 0 314
4 2 1 2 2 
4 3 1 2 2 
4 5 1 2 16 
4 1 1 2 2 
4 8 1 2 0 
3
5 316
2 56 -1 0 314
4 2 1 2 1 
4 3 1 2 1 
4 5 1 2 48 
4 1 1 2 2 
4 8 1 2 0 
3
5 317
2 56 -1 0 314
4 2 1 2 6 
4 3 1 2 6 
4 5 1 2 0 
4 1 1 2 10 
4 8 1 2 0 
3
5 318
2 56 -1 0 314
4 2 1 2 4 
4 3 1 2 4 
4 5 1 2 16 
4 1 1 2 10 
4 8 1 2 0 
3
5 319
2 56 -1 0 314
4 2 1 2 3 
4 3 1 2 3 
4 5 1 2 40 
4 1 1 2 10 
4 8 1 2 0 
3
5 320
2 56 -1 0 314
4 2 1 2 0 
4 3 1 2 0 
4 5 1 2 48 
4 1 1 2 10 
4 8 1 2 0 
3
5 321
5 314
2 56 -1 0 313
4 2 1 2 1 
4 3 1 2 1 
4 5 1 2 0 
4 1 1 2 2 
4 8 1 2 0 
3
5 322
5 313
2 77 -1 0 -8012
4 2 1 2 24 
4 3 1 2 56 
4 5 1 2 164 
4 1 1 2 4 
4 8 1 2 128 
4 9 1 2 83 
4 10 1 2 79 
4 11 1 2 85 
4 12 1 2 86 
4 13 1 2 69 
4 14 1 2 78 
4 15 1 2 73 
4 16 1 2 82 
4 17 1 2 83 
3
5 323
5 -8012
2 2 -1 8013 -1
4 5 1 4 8018 
4 9 1 4 8017 
4 7 1 4 8017 
4 3 1 4 8007 
4 14 1 2 0 
3
2 45 -1 0 -8013
4 2 1 2 0 
4 3 1 2 4 
4 5 1 2 204 
3
5 325
2 80 -1 0 -8013
4 2 1 2 0 
4 3 1 2 0 
4 5 1 2 0 
4 1 1 2 4 
3
5 326
2 94 -1 0 -8013
4 2 1 2 136 
4 3 1 2 58 
4 5 1 2 172 
4 1 1 2 1 
4 6 1 2 2 
3
5 327
2 67 -1 0 -8013
4 2 1 2 80 
4 3 1 2 154 
4 5 1 2 16 
4 8 1 2 1 
3
5 328
2 94 -1 0 -8013
4 2 1 2 136 
4 3 1 2 40 
4 5 1 2 172 
4 1 1 2 1 
4 6 1 2 1 
3
5 329
2 67 -1 0 -8013
4 2 1 2 40 
4 3 1 2 48 
4 5 1 2 196 
4 8 1 2 1 
3
5 330
2 67 -1 0 -8013
4 2 1 2 32 
4 3 1 2 48 
4 5 1 2 196 
4 8 1 2 1 
3
5 331
2 67 -1 0 -8013
4 2 1 2 60 
4 3 1 2 46 
4 5 1 2 16 
4 8 1 2 1 
3
5 332
2 94 -1 0 -8013
4 2 1 2 92 
4 3 1 2 38 
4 5 1 2 172 
4 1 1 2 1 
3
5 333
2 94 -1 0 -8013
4 2 1 2 0 
4 3 1 2 40 
4 5 1 2 196 
4 1 1 2 1 
3
5 334
2 67 -1 0 -8013
4 2 1 2 68 
4 3 1 2 170 
4 5 1 2 16 
4 8 1 2 1 
3
5 335
2 67 -1 0 -8013
4 2 1 2 36 
4 3 1 2 143 
4 5 1 2 32 
4 1 1 2 1 
4 8 1 2 1 
3
5 336
2 67 -1 0 -8013
4 2 1 2 116 
4 3 1 2 163 
4 5 1 2 16 
4 8 1 2 1 
3
5 337
2 67 -1 0 -8013
4 2 1 2 52 
4 3 1 2 128 
4 5 1 2 32 
4 1 1 2 1 
4 8 1 2 1 
3
5 338
2 71 -1 0 -8013
4 2 1 2 112 
4 3 1 2 154 
4 5 1 2 32 
4 8 1 2 1 
3
5 339
2 94 -1 0 -8013
4 2 1 2 88 
4 3 1 2 54 
4 5 1 2 172 
4 1 1 2 1 
4 6 1 2 3 
3
5 340
2 94 -1 0 -8013
4 2 1 2 100 
4 3 1 2 54 
4 5 1 2 173 
4 1 1 2 1 
4 6 1 2 3 
3
5 341
5 -8013
2 2 -1 8014 -1
4 5 1 4 8015 
4 9 1 4 8019 
4 7 1 4 8020 
4 3 1 4 8008 
4 14 1 2 0 
3
2 45 -1 0 -8014
4 2 1 2 0 
4 3 1 2 4 
4 5 1 2 204 
3
5 343
2 80 -1 0 -8014
4 2 1 2 0 
4 3 1 2 0 
4 5 1 2 0 
4 1 1 2 4 
3
5 344
2 67 -1 0 -8014
4 2 1 2 40 
4 3 1 2 144 
4 5 1 2 16 
4 8 1 2 1 
3
5 345
2 67 -1 0 -8014
4 2 1 2 68 
4 3 1 2 154 
4 5 1 2 16 
4 8 1 2 1 
3
5 346
2 67 -1 0 -8014
4 2 1 2 92 
4 3 1 2 149 
4 5 1 2 16 
4 8 1 2 1 
3
5 347
2 67 -1 0 -8014
4 2 1 2 48 
4 3 1 2 48 
4 5 1 2 196 
4 8 1 2 1 
3
5 348
2 67 -1 0 -8014
4 2 1 2 8 
4 3 1 2 48 
4 5 1 2 196 
4 8 1 2 1 
3
5 349
2 67 -1 0 -8014
4 2 1 2 88 
4 3 1 2 46 
4 5 1 2 16 
4 8 1 2 1 
3
5 350
2 67 -1 0 -8014
4 2 1 2 100 
4 3 1 2 170 
4 5 1 2 16 
4 8 1 2 1 
3
5 351
2 67 -1 0 -8014
4 2 1 2 128 
4 3 1 2 163 
4 5 1 2 16 
4 8 1 2 1 
3
5 352
5 -8014
2 2 -1 8015 -1
4 5 1 4 8016 
4 9 1 4 8014 
4 7 1 4 8021 
4 3 1 4 8009 
4 14 1 2 0 
3
2 45 -1 0 -8015
4 2 1 2 0 
4 3 1 2 4 
4 5 1 2 204 
3
5 354
2 80 -1 0 -8015
4 2 1 2 0 
4 3 1 2 0 
4 5 1 2 0 
4 1 1 2 4 
3
5 355
2 84 -1 0 -8015
4 2 1 2 68 
4 3 1 2 12 
4 5 1 2 80 
4 6 1 2 5 
4 8 1 2 0 
4 9 1 2 0 
3
5 356
2 17 -1 0 -8015
4 2 1 2 32 
4 3 1 2 35 
4 5 1 2 0 
4 1 1 2 3 
4 6 1 2 1 
3
5 357
2 94 -1 0 -8015
4 2 1 2 20 
4 3 1 2 133 
4 5 1 2 188 
4 1 1 2 1 
3
5 358
2 94 -1 0 -8015
4 2 1 2 52 
4 3 1 2 40 
4 5 1 2 196 
4 1 1 2 1 
3
5 359
2 94 -1 0 -8015
4 2 1 2 100 
4 3 1 2 42 
4 5 1 2 188 
4 1 1 2 1 
3
5 360
2 94 -1 0 -8015
4 2 1 2 120 
4 3 1 2 42 
4 5 1 2 188 
4 1 1 2 1 
3
5 361
2 17 -1 0 -8015
4 2 1 2 4 
4 3 1 2 152 
4 5 1 2 16 
4 1 1 2 3 
4 6 1 2 1 
3
5 362
2 17 -1 0 -8015
4 2 1 2 104 
4 3 1 2 131 
4 5 1 2 32 
4 1 1 2 3 
4 6 1 2 1 
3
5 363
2 94 -1 0 -8015
4 2 1 2 116 
4 3 1 2 138 
4 5 1 2 56 
4 1 1 2 10 
3
5 364
5 -8015
2 2 -1 8016 -1
4 5 1 4 8010 
4 9 1 4 8015 
4 7 1 4 8022 
4 3 1 4 8010 
4 14 1 2 0 
3
2 45 -1 0 -8016
4 2 1 2 0 
4 3 1 2 4 
4 5 1 2 204 
3
5 366
2 80 -1 0 -8016
4 2 1 2 0 
4 3 1 2 0 
4 5 1 2 0 
4 1 1 2 4 
3
5 367
2 94 -1 0 -8016
4 2 1 2 64 
4 3 1 2 33 
4 5 1 2 188 
4 1 1 2 1 
4 6 1 2 1 
3
5 368
2 94 -1 0 -8016
4 2 1 2 64 
4 3 1 2 53 
4 5 1 2 188 
4 1 1 2 1 
4 6 1 2 2 
3
5 369
2 94 -1 0 -8016
4 2 1 2 100 
4 3 1 2 133 
4 5 1 2 156 
4 1 1 2 1 
3
5 370
2 94 -1 0 -8016
4 2 1 2 8 
4 3 1 2 39 
4 5 1 2 172 
4 1 1 2 1 
4 6 1 2 1 
3
5 371
2 94 -1 0 -8016
4 2 1 2 24 
4 3 1 2 42 
4 5 1 2 172 
4 1 1 2 1 
3
5 372
2 94 -1 0 -8016
4 2 1 2 132 
4 3 1 2 41 
4 5 1 2 172 
4 1 1 2 1 
3
5 373
2 94 -1 0 -8016
4 2 1 2 8 
4 3 1 2 61 
4 5 1 2 172 
4 1 1 2 1 
4 6 1 2 2 
3
5 374
2 17 -1 0 -8016
4 2 1 2 120 
4 3 1 2 148 
4 5 1 2 64 
3
5 375
2 17 -1 0 -8016
4 2 1 2 88 
4 3 1 2 156 
4 5 1 2 64 
3
5 376
2 17 -1 0 -8016
4 2 1 2 20 
4 3 1 2 145 
4 5 1 2 80 
3
5 377
5 -8016
2 2 -1 8017 -1
4 5 1 4 8018 
4 9 1 4 8013 
4 7 1 4 8018 
4 3 1 4 8013 
4 14 1 2 0 
3
2 45 -1 0 -8017
4 2 1 2 0 
4 3 1 2 4 
4 5 1 2 204 
3
5 379
2 80 -1 0 -8017
4 2 1 2 0 
4 3 1 2 0 
4 5 1 2 0 
4 1 1 2 4 
3
5 380
2 43 -1 0 -8017
4 2 1 2 72 
4 3 1 2 131 
4 5 1 2 0 
4 6 1 2 1 
4 8 1 2 0 
4 9 1 2 0 
4 10 1 2 0 
4 11 1 2 253 
4 12 1 2 243 
4 13 1 2 255 
4 14 1 2 242 
4 15 1 2 254 
4 16 1 2 0 
4 17 1 2 0 
4 18 1 2 0 
4 19 1 2 0 
4 20 1 2 0 
4 21 1 2 0 
4 22 1 2 0 
3
2 94 -1 0 381
4 2 1 2 0 
4 3 1 2 0 
4 5 1 2 172 
4 1 1 2 1 
4 6 1 2 3 
3
5 382
2 94 -1 0 381
4 2 1 2 1 
4 3 1 2 1 
4 5 1 2 172 
4 1 1 2 1 
4 6 1 2 4 
3
5 383
2 94 -1 0 381
4 2 1 2 2 
4 3 1 2 2 
4 5 1 2 172 
4 1 1 2 1 
3
5 384
5 381
2 94 -1 0 -8017
4 2 1 2 52 
4 3 1 2 40 
4 5 1 2 56 
4 1 1 2 1 
3
5 385
2 94 -1 0 -8017
4 2 1 2 24 
4 3 1 2 42 
4 5 1 2 64 
4 1 1 2 1 
3
5 386
2 94 -1 0 -8017
4 2 1 2 132 
4 3 1 2 40 
4 5 1 2 188 
4 1 1 2 1 
3
5 387
2 94 -1 0 -8017
4 2 1 2 72 
4 3 1 2 34 
4 5 1 2 32 
4 1 1 2 1 
3
5 388
2 94 -1 0 -8017
4 2 1 2 0 
4 3 1 2 40 
4 5 1 2 16 
4 1 1 2 1 
3
5 389
2 17 -1 0 -8017
4 2 1 2 52 
4 3 1 2 131 
4 5 1 2 48 
3
5 390
2 94 -1 0 -8017
4 2 1 2 100 
4 3 1 2 40 
4 5 1 2 72 
4 1 1 2 1 
3
5 391
2 17 -1 0 -8017
4 2 1 2 92 
4 3 1 2 133 
4 5 1 2 48 
3
5 392
5 -8017
2 2 -1 8018 -1
4 5 1 4 8019 
4 9 1 4 8017 
4 7 1 4 8017 
4 3 1 4 8013 
4 14 1 2 0 
3
2 45 -1 0 -8018
4 2 1 2 0 
4 3 1 2 4 
4 5 1 2 204 
3
5 394
2 80 -1 0 -8018
4 2 1 2 0 
4 3 1 2 0 
4 5 1 2 0 
4 1 1 2 4 
3
5 395
2 17 -1 0 -8018
4 2 1 2 72 
4 3 1 2 141 
4 5 1 2 48 
3
5 396
5 -8018
2 2 -1 8019 -1
4 5 1 4 8020 
4 9 1 4 8018 
4 7 1 4 8034 
4 3 1 4 8014 
4 14 1 2 0 
3
2 45 -1 0 -8019
4 2 1 2 0 
4 3 1 2 4 
4 5 1 2 204 
3
5 398
2 80 -1 0 -8019
4 2 1 2 0 
4 3 1 2 0 
4 5 1 2 0 
4 1 1 2 4 
3
5 399
2 94 -1 0 -8019
4 2 1 2 88 
4 3 1 2 33 
4 5 1 2 236 
4 6 1 2 1 
3
5 400
2 71 -1 0 -8019
4 2 1 2 8 
4 3 1 2 138 
4 5 1 2 32 
4 8 1 2 1 
3
5 401
2 94 -1 0 -8019
4 2 1 2 40 
4 3 1 2 35 
4 5 1 2 172 
3
5 402
2 94 -1 0 -8019
4 2 1 2 88 
4 3 1 2 57 
4 5 1 2 188 
4 6 1 2 3 
3
5 403
2 94 -1 0 -8019
4 2 1 2 84 
4 3 1 2 57 
4 5 1 2 189 
4 6 1 2 3 
3
5 404
2 94 -1 0 -8019
4 2 1 2 128 
4 3 1 2 33 
4 5 1 2 220 
4 6 1 2 1 
3
5 405
2 94 -1 0 -8019
4 2 1 2 44 
4 3 1 2 75 
4 5 1 2 172 
4 6 1 2 3 
3
5 406
2 94 -1 0 -8019
4 2 1 2 20 
4 3 1 2 141 
4 5 1 2 16 
3
5 407
2 94 -1 0 -8019
4 2 1 2 36 
4 3 1 2 71 
4 5 1 2 173 
4 6 1 2 3 
3
5 408
2 17 -1 0 -8019
4 2 1 2 44 
4 3 1 2 138 
4 5 1 2 40 
3
5 409
2 17 -1 0 -8019
4 2 1 2 68 
4 3 1 2 136 
4 5 1 2 64 
3
5 410
2 17 -1 0 -8019
4 2 1 2 136 
4 3 1 2 146 
4 5 1 2 80 
3
5 411
2 67 -1 0 -8019
4 2 1 2 4 
4 3 1 2 148 
4 5 1 2 32 
4 1 1 2 2 
4 8 1 2 1 
3
5 412
2 67 -1 0 -8019
4 2 1 2 80 
4 3 1 2 145 
4 5 1 2 32 
4 1 1 2 2 
4 8 1 2 1 
3
5 413
2 67 -1 0 -8019
4 2 1 2 100 
4 3 1 2 135 
4 5 1 2 33 
4 1 1 2 2 
4 8 1 2 1 
3
5 414
2 94 -1 0 -8019
4 2 1 2 128 
4 3 1 2 65 
4 5 1 2 220 
4 6 1 2 3 
3
5 415
2 94 -1 0 -8019
4 2 1 2 128 
4 3 1 2 66 
4 5 1 2 221 
4 6 1 2 3 
3
5 416
2 17 -1 0 -8019
4 2 1 2 104 
4 3 1 2 138 
4 5 1 2 9 
4 1 1 2 4 
3
5 417
5 -8019
2 2 -1 8020 -1
4 5 1 4 8021 
4 9 1 4 8019 
4 7 1 4 8035 
4 3 1 4 8014 
4 14 1 2 0 
3
2 17 -1 0 -8020
4 2 1 2 8 
4 3 1 2 130 
4 5 1 2 16 
4 1 1 2 4 
3
5 419
2 97 -1 0 -8020
4 2 1 2 0 
4 3 1 2 0 
4 5 1 2 0 
4 1 1 2 4 
3
5 420
2 45 -1 0 -8020
4 2 1 2 0 
4 3 1 2 4 
4 5 1 2 204 
3
5 421
2 17 -1 0 -8020
4 2 1 2 36 
4 3 1 2 131 
4 5 1 2 16 
4 1 1 2 4 
4 6 1 2 2 
3
5 422
2 94 -1 0 -8020
4 2 1 2 16 
4 3 1 2 34 
4 5 1 2 196 
3
5 423
2 94 -1 0 -8020
4 2 1 2 60 
4 3 1 2 36 
4 5 1 2 228 
3
5 424
2 94 -1 0 -8020
4 2 1 2 64 
4 3 1 2 68 
4 5 1 2 228 
4 6 1 2 3 
3
5 425
2 94 -1 0 -8020
4 2 1 2 56 
4 3 1 2 66 
4 5 1 2 229 
4 6 1 2 3 
3
5 426
2 94 -1 0 -8020
4 2 1 2 104 
4 3 1 2 141 
4 5 1 2 164 
4 1 1 2 10 
3
5 427
2 17 -1 0 -8020
4 2 1 2 108 
4 3 1 2 142 
4 5 1 2 17 
4 1 1 2 4 
3
5 428
2 17 -1 0 -8020
4 2 1 2 84 
4 3 1 2 142 
4 5 1 2 16 
4 1 1 2 4 
4 6 1 2 1 
3
5 429
2 80 -1 0 -8020
4 2 1 2 140 
4 3 1 2 100 
4 5 1 2 140 
4 1 1 2 11 
3
5 430
2 94 -1 0 -8020
4 2 1 2 112 
4 3 1 2 30 
4 5 1 2 16 
4 1 1 2 1 
3
5 431
2 71 -1 0 -8020
4 2 1 2 36 
4 3 1 2 158 
4 5 1 2 0 
4 8 1 2 1 
3
5 432
2 71 -1 0 -8020
4 2 1 2 76 
4 3 1 2 144 
4 5 1 2 32 
4 8 1 2 1 
3
5 433
2 71 -1 0 -8020
4 2 1 2 136 
4 3 1 2 144 
4 5 1 2 32 
4 8 1 2 1 
3
5 434
5 -8020
2 2 -1 8021 -1
4 5 1 4 8022 
4 9 1 4 8020 
4 7 1 4 8036 
4 3 1 4 8015 
4 14 1 2 0 
3
2 45 -1 0 -8021
4 2 1 2 0 
4 3 1 2 4 
4 5 1 2 204 
3
5 436
2 80 -1 0 -8021
4 2 1 2 0 
4 3 1 2 0 
4 5 1 2 0 
4 1 1 2 4 
3
5 437
2 84 -1 0 -8021
4 2 1 2 68 
4 3 1 2 12 
4 5 1 2 80 
4 6 1 2 5 
4 8 1 2 0 
4 9 1 2 0 
3
5 438
2 94 -1 0 -8021
4 2 1 2 140 
4 3 1 2 130 
4 5 1 2 32 
4 1 1 2 1 
3
5 439
2 94 -1 0 -8021
4 2 1 2 124 
4 3 1 2 133 
4 5 1 2 236 
4 1 1 2 1 
3
5 440
2 94 -1 0 -8021
4 2 1 2 52 
4 3 1 2 40 
4 5 1 2 172 
4 1 1 2 1 
3
5 441
2 94 -1 0 -8021
4 2 1 2 24 
4 3 1 2 42 
4 5 1 2 16 
4 1 1 2 1 
3
5 442
2 94 -1 0 -8021
4 2 1 2 128 
4 3 1 2 42 
4 5 1 2 48 
4 1 1 2 1 
3
5 443
2 94 -1 0 -8021
4 2 1 2 92 
4 3 1 2 40 
4 5 1 2 172 
4 1 1 2 1 
3
5 444
2 94 -1 0 -8021
4 2 1 2 0 
4 3 1 2 40 
4 5 1 2 16 
4 1 1 2 1 
3
5 445
2 94 -1 0 -8021
4 2 1 2 16 
4 3 1 2 133 
4 5 1 2 0 
4 1 1 2 1 
3
5 446
2 17 -1 0 -8021
4 2 1 2 32 
4 3 1 2 35 
4 5 1 2 32 
3
5 447
2 17 -1 0 -8021
4 2 1 2 108 
4 3 1 2 158 
4 5 1 2 32 
3
5 448
5 -8021
2 2 -1 8022 -1
4 5 1 4 8023 
4 9 1 4 8021 
4 7 1 4 8037 
4 3 1 4 8016 
4 14 1 2 0 
3
2 45 -1 0 -8022
4 2 1 2 0 
4 3 1 2 4 
4 5 1 2 204 
3
5 450
2 80 -1 0 -8022
4 2 1 2 0 
4 3 1 2 0 
4 5 1 2 0 
4 1 1 2 4 
3
5 451
2 43 -1 0 -8022
4 2 1 2 100 
4 3 1 2 132 
4 5 1 2 0 
4 6 1 2 1 
4 8 1 2 0 
4 9 1 2 0 
4 10 1 2 0 
4 11 1 2 252 
4 12 1 2 229 
4 13 1 2 252 
4 14 1 2 196 
4 15 1 2 249 
4 16 1 2 214 
4 17 1 2 254 
4 18 1 2 0 
4 19 1 2 255 
4 20 1 2 214 
4 21 1 2 0 
4 22 1 2 0 
3
2 94 -1 0 452
4 2 1 2 3 
4 3 1 2 3 
4 5 1 2 0 
4 1 1 2 10 
4 6 1 2 1 
3
5 453
2 17 -1 0 452
4 2 1 2 0 
4 3 1 2 0 
4 5 1 2 32 
4 6 1 2 1 
3
5 454
2 17 -1 0 452
4 2 1 2 1 
4 3 1 2 1 
4 5 1 2 32 
4 6 1 2 1 
3
5 455
2 17 -1 0 452
4 2 1 2 2 
4 3 1 2 2 
4 5 1 2 32 
4 6 1 2 1 
3
5 456
2 17 -1 0 452
4 2 1 2 4 
4 3 1 2 4 
4 5 1 2 32 
4 6 1 2 1 
3
5 457
5 452
2 94 -1 0 -8022
4 2 1 2 23 
4 3 1 2 133 
4 5 1 2 40 
4 1 1 2 10 
3
5 458
2 94 -1 0 -8022
4 2 1 2 67 
4 3 1 2 41 
4 5 1 2 236 
4 1 1 2 10 
3
5 459
2 94 -1 0 -8022
4 2 1 2 143 
4 3 1 2 32 
4 5 1 2 80 
4 1 1 2 10 
3
5 460
5 -8022
2 2 -1 8023 -1
4 5 1 4 8024 
4 9 1 4 8022 
4 7 1 4 8038 
4 3 1 4 8024 
4 14 1 2 0 
3
2 45 -1 0 -8023
4 2 1 2 0 
4 3 1 2 4 
4 5 1 2 204 
3
5 462
2 80 -1 0 -8023
4 2 1 2 0 
4 3 1 2 0 
4 5 1 2 0 
4 1 1 2 4 
3
5 463
2 94 -1 0 -8023
4 2 1 2 36 
4 3 1 2 36 
4 5 1 2 188 
4 1 1 2 10 
3
5 464
2 94 -1 0 -8023
4 2 1 2 104 
4 3 1 2 35 
4 5 1 2 172 
3
5 465
2 94 -1 0 -8023
4 2 1 2 24 
4 3 1 2 86 
4 5 1 2 188 
4 1 1 2 10 
4 6 1 2 3 
3
5 466
2 94 -1 0 -8023
4 2 1 2 32 
4 3 1 2 86 
4 5 1 2 189 
4 1 1 2 10 
4 6 1 2 3 
3
5 467
2 94 -1 0 -8023
4 2 1 2 144 
4 3 1 2 133 
4 5 1 2 16 
3
5 468
2 94 -1 0 -8023
4 2 1 2 108 
4 3 1 2 75 
4 5 1 2 172 
4 6 1 2 3 
3
5 469
2 94 -1 0 -8023
4 2 1 2 4 
4 3 1 2 141 
4 5 1 2 188 
4 1 1 2 1 
3
5 470
2 94 -1 0 -8023
4 2 1 2 100 
4 3 1 2 71 
4 5 1 2 173 
4 6 1 2 3 
3
5 471
2 94 -1 0 -8023
4 2 1 2 56 
4 3 1 2 141 
4 5 1 2 188 
4 1 1 2 1 
3
5 472
2 94 -1 0 -8023
4 2 1 2 88 
4 3 1 2 140 
4 5 1 2 0 
4 1 1 2 7 
3
5 473
5 -8023
2 2 -1 8024 -1
4 5 1 4 8044 
4 9 1 4 8023 
4 7 1 4 8039 
4 3 1 4 8023 
4 14 1 2 0 
3
2 17 -1 0 -8024
4 2 1 2 0 
4 3 1 2 30 
4 5 1 2 32 
4 1 1 2 4 
3
5 475
2 97 -1 0 -8024
4 2 1 2 0 
4 3 1 2 0 
4 5 1 2 0 
4 1 1 2 4 
3
5 476
2 45 -1 0 -8024
4 2 1 2 0 
4 3 1 2 4 
4 5 1 2 204 
3
5 477
2 17 -1 0 -8024
4 2 1 2 32 
4 3 1 2 34 
4 5 1 2 16 
4 1 1 2 4 
4 6 1 2 2 
3
5 478
2 17 -1 0 -8024
4 2 1 2 72 
4 3 1 2 32 
4 5 1 2 97 
4 1 1 2 4 
4 6 1 2 2 
3
5 479
2 17 -1 0 -8024
4 2 1 2 76 
4 3 1 2 36 
4 5 1 2 16 
4 1 1 2 4 
4 6 1 2 2 
3
5 480
2 17 -1 0 -8024
4 2 1 2 108 
4 3 1 2 34 
4 5 1 2 16 
4 1 1 2 4 
4 6 1 2 2 
3
5 481
2 17 -1 0 -8024
4 2 1 2 136 
4 3 1 2 36 
4 5 1 2 16 
4 1 1 2 4 
4 6 1 2 2 
3
5 482
2 94 -1 0 -8024
4 2 1 2 136 
4 3 1 2 141 
4 5 1 2 172 
4 1 1 2 10 
3
5 483
2 17 -1 0 -8024
4 2 1 2 96 
4 3 1 2 158 
4 5 1 2 80 
4 1 1 2 4 
4 6 1 2 1 
3
5 484
2 17 -1 0 -8024
4 2 1 2 16 
4 3 1 2 152 
4 5 1 2 24 
4 1 1 2 4 
4 6 1 2 2 
3
5 485
2 80 -1 0 -8024
4 2 1 2 56 
4 3 1 2 96 
4 5 1 2 140 
4 1 1 2 11 
3
5 486
2 17 -1 0 -8024
4 2 1 2 52 
4 3 1 2 141 
4 5 1 2 33 
4 1 1 2 4 
4 6 1 2 2 
3
5 487
2 17 -1 0 -8024
4 2 1 2 84 
4 3 1 2 151 
4 5 1 2 57 
4 1 1 2 4 
4 6 1 2 2 
3
5 488
2 17 -1 0 -8024
4 2 1 2 92 
4 3 1 2 136 
4 5 1 2 17 
4 1 1 2 4 
4 6 1 2 2 
3
5 489
2 17 -1 0 -8024
4 2 1 2 112 
4 3 1 2 131 
4 5 1 2 17 
4 1 1 2 4 
4 6 1 2 1 
3
5 490
2 17 -1 0 -8024
4 2 1 2 120 
4 3 1 2 141 
4 5 1 2 25 
4 1 1 2 4 
4 6 1 2 2 
3
5 491
2 17 -1 0 -8024
4 2 1 2 64 
4 3 1 2 132 
4 5 1 2 17 
4 1 1 2 4 
4 6 1 2 2 
3
5 492
2 17 -1 0 -8024
4 2 1 2 0 
4 3 1 2 132 
4 5 1 2 16 
4 1 1 2 4 
4 6 1 2 2 
3
5 493
2 17 -1 0 -8024
4 2 1 2 160 
4 3 1 2 135 
4 5 1 2 97 
4 1 1 2 4 
4 6 1 2 2 
3
5 494
2 80 -1 0 -8024
4 2 1 2 40 
4 3 1 2 90 
4 5 1 2 140 
4 1 1 2 11 
3
5 495
2 80 -1 0 -8024
4 2 1 2 96 
4 3 1 2 105 
4 5 1 2 140 
4 1 1 2 11 
3
5 496
5 -8024
2 2 -1 8027 -1
4 7 1 4 8050 
4 14 1 2 0 
3
2 17 -1 0 -8027
4 2 1 2 8 
4 3 1 2 130 
4 5 1 2 16 
4 1 1 2 4 
3
5 498
2 80 -1 0 -8027
4 2 1 2 0 
4 3 1 2 0 
4 5 1 2 0 
4 1 1 2 4 
3
5 499
2 93 -1 0 -8027
4 2 1 2 0 
4 3 1 2 0 
4 5 1 2 204 
4 8 1 2 2 
4 9 1 2 0 
4 10 1 2 159 
4 11 1 2 0 
4 12 1 2 159 
4 13 1 2 48 
4 14 1 2 3 
4 15 1 2 7 
4 16 1 2 150 
4 17 1 2 89 
4 18 1 2 89 
4 19 1 2 85 
4 20 1 2 150 
4 21 1 2 85 
4 22 1 2 89 
4 23 1 2 85 
4 24 1 2 86 
4 25 1 2 85 
4 26 1 2 89 
4 27 1 2 101 
4 28 1 2 101 
4 29 1 2 89 
4 30 1 2 89 
4 31 1 2 101 
4 32 1 2 101 
4 33 1 2 89 
4 34 1 2 85 
4 35 1 2 101 
4 36 1 2 101 
4 37 1 2 89 
4 38 1 2 101 
4 39 1 2 101 
4 40 1 2 165 
4 41 1 2 89 
4 42 1 2 101 
4 43 1 2 85 
4 44 1 2 166 
4 45 1 2 89 
4 46 1 2 85 
4 47 1 2 85 
3
5 500
2 17 -1 0 -8027
4 2 1 2 88 
4 3 1 2 155 
4 5 1 2 16 
4 1 1 2 4 
4 6 1 2 2 
3
5 501
2 94 -1 0 -8027
4 2 1 2 16 
4 3 1 2 34 
4 5 1 2 220 
3
5 502
2 94 -1 0 -8027
4 2 1 2 60 
4 3 1 2 36 
4 5 1 2 228 
3
5 503
2 94 -1 0 -8027
4 2 1 2 64 
4 3 1 2 68 
4 5 1 2 228 
4 6 1 2 3 
3
5 504
2 94 -1 0 -8027
4 2 1 2 56 
4 3 1 2 66 
4 5 1 2 229 
4 6 1 2 3 
3
5 505
2 79 -1 0 -8027
4 2 1 2 104 
4 3 1 2 35 
4 5 1 2 220 
4 1 1 2 6 
4 8 1 2 133 
4 9 1 2 84 
4 10 1 2 111 
4 11 1 2 110 
4 12 1 2 121 
4 13 1 2 39 
4 14 1 2 115 
4 15 1 2 134 
4 16 1 2 139 
4 17 1 2 133 
4 18 1 2 84 
4 19 1 2 69 
4 20 1 2 88 
4 21 1 2 65 
4 22 1 2 83 
4 23 1 2 128 
4 24 1 2 45 
4 25 1 2 128 
4 26 1 2 83 
4 27 1 2 84 
4 28 1 2 89 
4 29 1 2 76 
4 30 1 2 69 
4 31 1 2 134 
4 32 1 2 133 
4 33 1 2 131 
4 34 1 2 66 
4 35 1 2 65 
4 36 1 2 82 
4 37 1 2 128 
4 38 1 2 66 
4 39 1 2 128 
4 40 1 2 81 
4 41 1 2 32 
4 42 1 2 32 
4 43 1 2 32 
4 44 1 2 32 
4 45 1 2 32 
4 46 1 2 32 
4 47 1 2 32 
3
5 506
2 43 -1 0 -8027
4 2 1 2 44 
4 3 1 2 144 
4 5 1 2 0 
4 6 1 2 1 
4 8 1 2 0 
4 9 1 2 0 
4 10 1 2 0 
4 11 1 2 254 
4 12 1 2 0 
4 13 1 2 2 
4 14 1 2 0 
4 15 1 2 0 
4 16 1 2 234 
4 17 1 2 6 
4 18 1 2 250 
4 19 1 2 3 
4 20 1 2 250 
4 21 1 2 0 
4 22 1 2 0 
3
2 92 -1 0 507
4 2 1 2 0 
4 3 1 2 0 
4 5 1 2 8 
4 8 1 2 0 
4 9 1 2 17 
4 10 1 2 20 
4 11 1 2 0 
4 12 1 2 3 
4 13 1 2 48 
3
5 508
2 92 -1 0 507
4 2 1 2 1 
4 3 1 2 1 
4 5 1 2 8 
4 8 1 2 0 
4 9 1 2 237 
4 10 1 2 241 
4 11 1 2 0 
4 12 1 2 4 
4 13 1 2 48 
3
5 509
2 92 -1 0 507
4 2 1 2 2 
4 3 1 2 2 
4 5 1 2 32 
4 8 1 2 0 
4 9 1 2 247 
4 10 1 2 30 
4 11 1 2 0 
4 12 1 2 19 
4 13 1 2 151 
3
5 510
2 92 -1 0 507
4 2 1 2 3 
4 3 1 2 3 
4 5 1 2 8 
4 8 1 2 0 
4 9 1 2 248 
4 10 1 2 251 
4 11 1 2 0 
4 12 1 2 3 
4 13 1 2 16 
3
5 511
2 92 -1 0 507
4 2 1 2 4 
4 3 1 2 4 
4 5 1 2 8 
4 8 1 2 0 
4 9 1 2 3 
4 10 1 2 7 
4 11 1 2 0 
4 12 1 2 3 
4 13 1 2 16 
3
5 512
5 507
5 -8027
2 2 -1 8028 -1
4 5 1 4 8029 
4 9 1 4 8028 
4 7 1 4 8051 
4 3 1 4 8029 
4 14 1 2 0 
3
2 45 -1 0 -8028
4 2 1 2 0 
4 3 1 2 4 
4 5 1 2 204 
3
5 514
2 80 -1 0 -8028
4 2 1 2 0 
4 3 1 2 0 
4 5 1 2 0 
4 1 1 2 4 
3
5 515
2 94 -1 0 -8028
4 2 1 2 36 
4 3 1 2 36 
4 5 1 2 188 
4 1 1 2 10 
3
5 516
2 94 -1 0 -8028
4 2 1 2 104 
4 3 1 2 35 
4 5 1 2 172 
3
5 517
2 94 -1 0 -8028
4 2 1 2 24 
4 3 1 2 86 
4 5 1 2 188 
4 1 1 2 10 
4 6 1 2 3 
3
5 518
2 94 -1 0 -8028
4 2 1 2 32 
4 3 1 2 86 
4 5 1 2 189 
4 1 1 2 10 
4 6 1 2 3 
3
5 519
2 94 -1 0 -8028
4 2 1 2 144 
4 3 1 2 133 
4 5 1 2 16 
3
5 520
2 94 -1 0 -8028
4 2 1 2 108 
4 3 1 2 75 
4 5 1 2 172 
4 6 1 2 3 
3
5 521
2 94 -1 0 -8028
4 2 1 2 4 
4 3 1 2 141 
4 5 1 2 188 
4 1 1 2 1 
3
5 522
2 94 -1 0 -8028
4 2 1 2 100 
4 3 1 2 71 
4 5 1 2 173 
4 6 1 2 3 
3
5 523
2 94 -1 0 -8028
4 2 1 2 56 
4 3 1 2 141 
4 5 1 2 188 
4 1 1 2 1 
3
5 524
2 94 -1 0 -8028
4 2 1 2 88 
4 3 1 2 140 
4 5 1 2 0 
4 1 1 2 7 
3
5 525
5 -8028
2 2 -1 8029 -1
4 5 1 4 8030 
4 9 1 4 8028 
4 7 1 4 8052 
4 3 1 4 8028 
4 14 1 2 0 
3
2 45 -1 0 -8029
4 2 1 2 0 
4 3 1 2 4 
4 5 1 2 204 
3
5 527
2 80 -1 0 -8029
4 2 1 2 0 
4 3 1 2 0 
4 5 1 2 0 
4 1 1 2 4 
3
5 528
2 84 -1 0 -8029
4 2 1 2 68 
4 3 1 2 12 
4 5 1 2 80 
4 6 1 2 2 
4 8 1 2 0 
4 9 1 2 0 
3
5 529
2 6 -1 0 -8029
4 2 1 2 44 
4 3 1 2 138 
4 5 1 2 252 
3
5 530
2 94 -1 0 -8029
4 2 1 2 100 
4 3 1 2 133 
4 5 1 2 188 
4 1 1 2 1 
3
5 531
2 94 -1 0 -8029
4 2 1 2 8 
4 3 1 2 39 
4 5 1 2 172 
4 1 1 2 1 
4 6 1 2 1 
3
5 532
2 94 -1 0 -8029
4 2 1 2 24 
4 3 1 2 42 
4 5 1 2 172 
4 1 1 2 1 
3
5 533
2 94 -1 0 -8029
4 2 1 2 132 
4 3 1 2 41 
4 5 1 2 172 
4 1 1 2 1 
3
5 534
2 94 -1 0 -8029
4 2 1 2 8 
4 3 1 2 61 
4 5 1 2 172 
4 1 1 2 1 
4 6 1 2 2 
3
5 535
2 17 -1 0 -8029
4 2 1 2 120 
4 3 1 2 148 
4 5 1 2 64 
3
5 536
2 17 -1 0 -8029
4 2 1 2 88 
4 3 1 2 156 
4 5 1 2 64 
3
5 537
2 17 -1 0 -8029
4 2 1 2 20 
4 3 1 2 145 
4 5 1 2 80 
3
5 538
5 -8029
2 2 -1 8030 -1
4 5 1 4 8031 
4 9 1 4 8029 
4 7 1 4 8053 
4 3 1 4 8031 
4 14 1 2 0 
3
2 17 -1 0 -8030
4 2 1 2 8 
4 3 1 2 130 
4 5 1 2 16 
4 1 1 2 4 
3
5 540
2 97 -1 0 -8030
4 2 1 2 0 
4 3 1 2 0 
4 5 1 2 0 
4 1 1 2 4 
