3
5 541
2 45 -1 0 -8030
4 2 1 2 0 
4 3 1 2 4 
4 5 1 2 204 
3
5 542
2 17 -1 0 -8030
4 2 1 2 36 
4 3 1 2 131 
4 5 1 2 16 
4 1 1 2 4 
4 6 1 2 2 
3
5 543
2 94 -1 0 -8030
4 2 1 2 16 
4 3 1 2 34 
4 5 1 2 220 
3
5 544
2 94 -1 0 -8030
4 2 1 2 60 
4 3 1 2 36 
4 5 1 2 228 
3
5 545
2 94 -1 0 -8030
4 2 1 2 64 
4 3 1 2 68 
4 5 1 2 228 
4 6 1 2 3 
3
5 546
2 94 -1 0 -8030
4 2 1 2 56 
4 3 1 2 66 
4 5 1 2 229 
4 6 1 2 3 
3
5 547
2 94 -1 0 -8030
4 2 1 2 104 
4 3 1 2 141 
4 5 1 2 172 
4 1 1 2 10 
3
5 548
2 17 -1 0 -8030
4 2 1 2 108 
4 3 1 2 142 
4 5 1 2 17 
4 1 1 2 4 
3
5 549
2 17 -1 0 -8030
4 2 1 2 84 
4 3 1 2 142 
4 5 1 2 16 
4 1 1 2 4 
4 6 1 2 1 
3
5 550
2 80 -1 0 -8030
4 2 1 2 128 
4 3 1 2 100 
4 5 1 2 140 
4 1 1 2 11 
3
5 551
5 -8030
2 2 -1 8031 -1
4 5 1 4 8031 
4 9 1 4 8030 
4 7 1 4 8054 
4 3 1 4 8030 
4 14 1 2 0 
3
2 45 -1 0 -8031
4 2 1 2 0 
4 3 1 2 4 
4 5 1 2 204 
3
5 553
2 80 -1 0 -8031
4 2 1 2 0 
4 3 1 2 0 
4 5 1 2 0 
4 1 1 2 4 
3
5 554
2 71 -1 0 -8031
4 2 1 2 96 
4 3 1 2 148 
4 5 1 2 32 
4 8 1 2 1 
3
5 555
2 71 -1 0 -8031
4 2 1 2 32 
4 3 1 2 138 
4 5 1 2 32 
4 8 1 2 1 
3
5 556
2 94 -1 0 -8031
4 2 1 2 104 
4 3 1 2 35 
4 5 1 2 172 
3
5 557
2 94 -1 0 -8031
4 2 1 2 64 
4 3 1 2 36 
4 5 1 2 196 
4 1 1 2 1 
3
5 558
2 94 -1 0 -8031
4 2 1 2 32 
4 3 1 2 42 
4 5 1 2 164 
4 1 1 2 1 
3
5 559
2 94 -1 0 -8031
4 2 1 2 144 
4 3 1 2 133 
4 5 1 2 16 
3
5 560
2 94 -1 0 -8031
4 2 1 2 108 
4 3 1 2 75 
4 5 1 2 172 
4 6 1 2 3 
3
5 561
2 94 -1 0 -8031
4 2 1 2 0 
4 3 1 2 31 
4 5 1 2 172 
4 1 1 2 1 
3
5 562
2 94 -1 0 -8031
4 2 1 2 100 
4 3 1 2 71 
4 5 1 2 173 
4 6 1 2 3 
3
5 563
2 71 -1 0 -8031
4 2 1 2 100 
4 3 1 2 146 
4 5 1 2 32 
4 8 1 2 1 
3
5 564
2 94 -1 0 -8031
4 2 1 2 12 
4 3 1 2 138 
4 5 1 2 0 
4 1 1 2 7 
3
5 565
2 94 -1 0 -8031
4 2 1 2 64 
4 3 1 2 148 
4 5 1 2 0 
4 1 1 2 7 
3
5 566
5 -8031
2 2 -1 8032 -1
4 5 1 4 8033 
4 7 1 4 8055 
4 3 1 4 8011 
4 14 1 2 0 
3
2 45 -1 0 -8032
4 2 1 2 0 
4 3 1 2 4 
4 5 1 2 204 
3
5 568
2 97 -1 0 -8032
4 2 1 2 0 
4 3 1 2 0 
4 5 1 2 0 
4 1 1 2 4 
3
5 569
2 93 -1 0 -8032
4 2 1 2 48 
4 3 1 2 40 
4 5 1 2 188 
4 8 1 2 1 
4 9 1 2 0 
4 10 1 2 111 
4 11 1 2 0 
4 12 1 2 111 
4 13 1 2 88 
4 14 1 2 1 
4 15 1 2 15 
4 16 1 2 185 
4 17 1 2 185 
4 18 1 2 185 
4 19 1 2 185 
4 20 1 2 185 
4 21 1 2 185 
4 22 1 2 185 
4 23 1 2 185 
4 24 1 2 170 
4 25 1 2 169 
4 26 1 2 185 
4 27 1 2 185 
4 28 1 2 185 
4 29 1 2 185 
4 30 1 2 185 
4 31 1 2 185 
4 32 1 2 185 
4 33 1 2 185 
4 34 1 2 169 
4 35 1 2 170 
4 36 1 2 185 
4 37 1 2 185 
4 38 1 2 185 
4 39 1 2 185 
4 40 1 2 185 
4 41 1 2 185 
4 42 1 2 185 
4 43 1 2 185 
4 44 1 2 185 
4 45 1 2 185 
4 46 1 2 185 
4 47 1 2 185 
3
5 570
2 43 -1 0 -8032
4 2 1 2 48 
4 3 1 2 164 
4 5 1 2 0 
4 6 1 2 1 
4 8 1 2 0 
4 9 1 2 0 
4 10 1 2 0 
4 11 1 2 254 
4 12 1 2 192 
4 13 1 2 0 
4 14 1 2 0 
4 15 1 2 0 
4 16 1 2 0 
4 17 1 2 0 
4 18 1 2 0 
4 19 1 2 0 
4 20 1 2 0 
4 21 1 2 0 
4 22 1 2 0 
3
2 93 -1 0 571
4 2 1 2 0 
4 3 1 2 0 
4 5 1 2 188 
4 8 1 2 1 
4 9 1 2 1 
4 10 1 2 111 
4 11 1 2 243 
4 12 1 2 113 
4 13 1 2 28 
4 14 1 2 1 
4 15 1 2 7 
4 16 1 2 149 
4 17 1 2 149 
4 18 1 2 149 
4 19 1 2 149 
4 20 1 2 149 
4 21 1 2 149 
4 22 1 2 106 
4 23 1 2 106 
4 24 1 2 89 
4 25 1 2 89 
4 26 1 2 89 
4 27 1 2 89 
4 28 1 2 89 
4 29 1 2 89 
4 30 1 2 166 
4 31 1 2 166 
4 32 1 2 0 
4 33 1 2 0 
4 34 1 2 0 
4 35 1 2 0 
4 36 1 2 0 
4 37 1 2 0 
4 38 1 2 0 
4 39 1 2 0 
4 40 1 2 0 
4 41 1 2 0 
4 42 1 2 0 
4 43 1 2 0 
4 44 1 2 0 
4 45 1 2 0 
4 46 1 2 0 
4 47 1 2 0 
3
5 572
5 571
2 92 -1 0 -8032
4 2 1 2 120 
4 3 1 2 40 
4 5 1 2 8 
4 8 1 2 0 
4 9 1 2 0 
4 10 1 2 29 
4 11 1 2 0 
4 12 1 2 30 
4 13 1 2 54 
3
5 573
2 67 -1 0 -8032
4 2 1 2 24 
4 3 1 2 148 
4 5 1 2 32 
4 1 1 2 2 
4 8 1 2 1 
3
5 574
2 66 -1 0 -8032
4 2 1 2 56 
4 3 1 2 73 
4 5 1 2 0 
4 6 1 2 1 
4 8 1 2 0 
4 9 1 2 0 
3
5 575
2 66 -1 0 -8032
4 2 1 2 56 
4 3 1 2 62 
4 5 1 2 0 
4 6 1 2 4 
4 8 1 2 0 
4 9 1 2 0 
3
5 576
2 79 -1 0 -8032
4 2 1 2 60 
4 3 1 2 91 
4 5 1 2 0 
4 6 1 2 1 
4 8 1 2 82 
4 9 1 2 72 
4 10 1 2 79 
4 11 1 2 78 
4 12 1 2 68 
4 13 1 2 65 
4 14 1 2 39 
4 15 1 2 83 
4 16 1 2 134 
4 17 1 2 82 
4 18 1 2 111 
4 19 1 2 97 
4 20 1 2 100 
4 21 1 2 115 
4 22 1 2 105 
4 23 1 2 100 
4 24 1 2 101 
4 25 1 2 134 
4 26 1 2 128 
4 27 1 2 82 
4 28 1 2 104 
4 29 1 2 101 
4 30 1 2 115 
4 31 1 2 111 
4 32 1 2 114 
4 33 1 2 116 
4 34 1 2 32 
4 35 1 2 32 
4 36 1 2 32 
4 37 1 2 32 
4 38 1 2 32 
4 39 1 2 32 
4 40 1 2 32 
4 41 1 2 32 
4 42 1 2 32 
4 43 1 2 32 
4 44 1 2 32 
4 45 1 2 32 
4 46 1 2 32 
4 47 1 2 32 
3
5 577
2 67 -1 0 -8032
4 2 1 2 88 
4 3 1 2 159 
4 5 1 2 33 
4 1 1 2 2 
4 8 1 2 1 
3
5 578
2 67 -1 0 -8032
4 2 1 2 108 
4 3 1 2 157 
4 5 1 2 33 
4 1 1 2 2 
4 8 1 2 1 
3
5 579
5 -8032
2 2 -1 8033 -1
4 5 1 4 8034 
4 9 1 4 8032 
4 7 1 4 8056 
4 3 1 4 8012 
4 14 1 2 0 
3
2 45 -1 0 -8033
4 2 1 2 0 
4 3 1 2 4 
4 5 1 2 204 
3
5 581
2 93 -1 0 -8033
4 2 1 2 0 
4 3 1 2 40 
4 5 1 2 188 
4 8 1 2 1 
4 9 1 2 0 
4 10 1 2 95 
4 11 1 2 0 
4 12 1 2 95 
4 13 1 2 88 
4 14 1 2 1 
4 15 1 2 15 
4 16 1 2 185 
4 17 1 2 185 
4 18 1 2 185 
4 19 1 2 185 
4 20 1 2 185 
4 21 1 2 185 
4 22 1 2 185 
4 23 1 2 185 
4 24 1 2 170 
4 25 1 2 169 
4 26 1 2 185 
4 27 1 2 185 
4 28 1 2 185 
4 29 1 2 185 
4 30 1 2 185 
4 31 1 2 185 
4 32 1 2 185 
4 33 1 2 185 
4 34 1 2 169 
4 35 1 2 170 
4 36 1 2 185 
4 37 1 2 185 
4 38 1 2 185 
4 39 1 2 185 
4 40 1 2 185 
4 41 1 2 185 
4 42 1 2 185 
4 43 1 2 185 
4 44 1 2 185 
4 45 1 2 185 
4 46 1 2 185 
4 47 1 2 185 
3
5 582
2 43 -1 0 -8033
4 2 1 2 48 
4 3 1 2 164 
4 5 1 2 0 
4 6 1 2 1 
4 8 1 2 0 
4 9 1 2 0 
4 10 1 2 0 
4 11 1 2 242 
4 12 1 2 192 
4 13 1 2 0 
4 14 1 2 0 
4 15 1 2 0 
4 16 1 2 0 
4 17 1 2 0 
4 18 1 2 0 
4 19 1 2 0 
4 20 1 2 0 
4 21 1 2 0 
4 22 1 2 0 
3
2 93 -1 0 583
4 2 1 2 0 
4 3 1 2 0 
4 5 1 2 188 
4 8 1 2 1 
4 9 1 2 1 
4 10 1 2 99 
4 11 1 2 1 
4 12 1 2 113 
4 13 1 2 28 
4 14 1 2 1 
4 15 1 2 7 
4 16 1 2 149 
4 17 1 2 149 
4 18 1 2 149 
4 19 1 2 149 
4 20 1 2 149 
4 21 1 2 149 
4 22 1 2 106 
4 23 1 2 106 
4 24 1 2 89 
4 25 1 2 89 
4 26 1 2 89 
4 27 1 2 89 
4 28 1 2 89 
4 29 1 2 89 
4 30 1 2 166 
4 31 1 2 166 
4 32 1 2 0 
4 33 1 2 0 
4 34 1 2 0 
4 35 1 2 0 
4 36 1 2 0 
4 37 1 2 0 
4 38 1 2 0 
4 39 1 2 0 
4 40 1 2 0 
4 41 1 2 0 
4 42 1 2 0 
4 43 1 2 0 
4 44 1 2 0 
4 45 1 2 0 
4 46 1 2 0 
4 47 1 2 0 
3
5 584
5 583
2 97 -1 0 -8033
4 2 1 2 0 
4 3 1 2 0 
4 5 1 2 0 
4 1 1 2 4 
3
5 585
5 -8033
2 2 -1 8034 -1
4 5 1 4 8035 
4 9 1 4 8033 
4 7 1 4 8057 
4 3 1 4 8019 
4 14 1 2 0 
3
2 45 -1 0 -8034
4 2 1 2 0 
4 3 1 2 4 
4 5 1 2 204 
3
5 587
2 80 -1 0 -8034
4 2 1 2 0 
4 3 1 2 0 
4 5 1 2 0 
4 1 1 2 4 
3
5 588
2 84 -1 0 -8034
4 2 1 2 68 
4 3 1 2 12 
4 5 1 2 80 
4 6 1 2 8 
4 8 1 2 0 
4 9 1 2 0 
3
5 589
2 71 -1 0 -8034
4 2 1 2 8 
4 3 1 2 138 
4 5 1 2 8 
4 8 1 2 1 
3
5 590
2 94 -1 0 -8034
4 2 1 2 100 
4 3 1 2 134 
4 5 1 2 16 
4 1 1 2 1 
3
5 591
2 94 -1 0 -8034
4 2 1 2 60 
4 3 1 2 40 
4 5 1 2 16 
4 1 1 2 1 
3
5 592
2 94 -1 0 -8034
4 2 1 2 28 
4 3 1 2 42 
4 5 1 2 172 
4 1 1 2 1 
3
5 593
2 94 -1 0 -8034
4 2 1 2 124 
4 3 1 2 32 
4 5 1 2 188 
3
5 594
2 94 -1 0 -8034
4 2 1 2 0 
4 3 1 2 31 
4 5 1 2 172 
4 1 1 2 1 
3
5 595
5 -8034
2 2 -1 8035 -1
4 5 1 4 8036 
4 9 1 4 8034 
4 7 1 4 8058 
4 3 1 4 8020 
4 14 1 2 0 
3
2 45 -1 0 -8035
4 2 1 2 0 
4 3 1 2 4 
4 5 1 2 204 
3
5 597
2 80 -1 0 -8035
4 2 1 2 0 
4 3 1 2 0 
4 5 1 2 0 
4 1 1 2 4 
3
5 598
2 84 -1 0 -8035
4 2 1 2 68 
4 3 1 2 12 
4 5 1 2 80 
4 6 1 2 6 
4 8 1 2 0 
4 9 1 2 0 
3
5 599
2 71 -1 0 -8035
4 2 1 2 24 
4 3 1 2 138 
4 5 1 2 0 
4 8 1 2 1 
3
5 600
2 94 -1 0 -8035
4 2 1 2 44 
4 3 1 2 134 
4 5 1 2 16 
4 1 1 2 1 
3
5 601
2 94 -1 0 -8035
4 2 1 2 60 
4 3 1 2 40 
4 5 1 2 172 
4 1 1 2 1 
3
5 602
2 94 -1 0 -8035
4 2 1 2 28 
4 3 1 2 42 
4 5 1 2 156 
4 1 1 2 1 
3
5 603
2 94 -1 0 -8035
4 2 1 2 128 
4 3 1 2 32 
4 5 1 2 196 
3
5 604
2 71 -1 0 -8035
4 2 1 2 76 
4 3 1 2 159 
4 5 1 2 0 
4 8 1 2 1 
3
5 605
2 94 -1 0 -8035
4 2 1 2 0 
4 3 1 2 31 
4 5 1 2 156 
4 1 1 2 1 
3
5 606
5 -8035
2 2 -1 8036 -1
4 5 1 4 8037 
4 9 1 4 8035 
4 7 1 4 8059 
4 3 1 4 8021 
4 14 1 2 0 
3
2 45 -1 0 -8036
4 2 1 2 0 
4 3 1 2 4 
4 5 1 2 204 
3
5 608
2 80 -1 0 -8036
4 2 1 2 0 
4 3 1 2 0 
4 5 1 2 0 
4 1 1 2 4 
3
5 609
2 84 -1 0 -8036
4 2 1 2 68 
4 3 1 2 12 
4 5 1 2 104 
4 6 1 2 14 
4 8 1 2 0 
4 9 1 2 0 
3
5 610
2 94 -1 0 -8036
4 2 1 2 100 
4 3 1 2 32 
4 5 1 2 188 
4 1 1 2 1 
3
5 611
2 94 -1 0 -8036
4 2 1 2 32 
4 3 1 2 35 
4 5 1 2 172 
3
5 612
2 94 -1 0 -8036
4 2 1 2 52 
4 3 1 2 134 
4 5 1 2 16 
4 1 1 2 1 
3
5 613
2 94 -1 0 -8036
4 2 1 2 132 
4 3 1 2 44 
4 5 1 2 228 
4 1 1 2 1 
3
5 614
2 94 -1 0 -8036
4 2 1 2 120 
4 3 1 2 133 
4 5 1 2 0 
3
5 615
2 94 -1 0 -8036
4 2 1 2 32 
4 3 1 2 75 
4 5 1 2 188 
4 6 1 2 3 
3
5 616
2 94 -1 0 -8036
4 2 1 2 0 
4 3 1 2 31 
4 5 1 2 64 
4 1 1 2 1 
3
5 617
2 94 -1 0 -8036
4 2 1 2 32 
4 3 1 2 71 
4 5 1 2 189 
4 6 1 2 3 
3
5 618
2 71 -1 0 -8036
4 2 1 2 48 
4 3 1 2 138 
4 5 1 2 0 
4 8 1 2 1 
3
5 619
2 71 -1 0 -8036
4 2 1 2 24 
4 3 1 2 158 
4 5 1 2 32 
4 1 1 2 1 
4 8 1 2 1 
3
5 620
2 71 -1 0 -8036
4 2 1 2 132 
4 3 1 2 139 
4 5 1 2 72 
4 1 1 2 1 
4 8 1 2 1 
3
5 621
2 94 -1 0 -8036
4 2 1 2 4 
4 3 1 2 129 
4 5 1 2 8 
4 1 1 2 11 
3
5 622
5 -8036
2 2 -1 8037 -1
4 5 1 4 8038 
4 9 1 4 8036 
4 7 1 4 8060 
4 3 1 4 8022 
4 14 1 2 0 
3
2 45 -1 0 -8037
4 2 1 2 0 
4 3 1 2 4 
4 5 1 2 204 
3
5 624
2 80 -1 0 -8037
4 2 1 2 0 
4 3 1 2 0 
4 5 1 2 0 
4 1 1 2 4 
3
5 625
2 84 -1 0 -8037
4 2 1 2 68 
4 3 1 2 12 
4 5 1 2 80 
4 6 1 2 6 
4 8 1 2 0 
4 9 1 2 0 
3
5 626
2 17 -1 0 -8037
4 2 1 2 4 
4 3 1 2 131 
4 5 1 2 16 
4 1 1 2 4 
4 6 1 2 1 
3
5 627
2 94 -1 0 -8037
4 2 1 2 20 
4 3 1 2 133 
4 5 1 2 16 
4 1 1 2 1 
3
5 628
2 94 -1 0 -8037
4 2 1 2 52 
4 3 1 2 40 
4 5 1 2 172 
4 1 1 2 1 
3
5 629
2 94 -1 0 -8037
4 2 1 2 100 
4 3 1 2 42 
4 5 1 2 172 
4 1 1 2 1 
3
5 630
2 94 -1 0 -8037
4 2 1 2 120 
4 3 1 2 38 
4 5 1 2 172 
4 1 1 2 1 
4 6 1 2 1 
3
5 631
2 17 -1 0 -8037
4 2 1 2 36 
4 3 1 2 131 
4 5 1 2 16 
4 1 1 2 4 
4 6 1 2 2 
3
5 632
2 17 -1 0 -8037
4 2 1 2 84 
4 3 1 2 129 
4 5 1 2 17 
4 1 1 2 4 
4 6 1 2 2 
3
5 633
2 17 -1 0 -8037
4 2 1 2 108 
4 3 1 2 129 
4 5 1 2 17 
4 1 1 2 4 
4 6 1 2 2 
3
5 634
2 17 -1 0 -8037
4 2 1 2 136 
4 3 1 2 134 
4 5 1 2 17 
4 1 1 2 4 
4 6 1 2 2 
3
5 635
2 17 -1 0 -8037
4 2 1 2 164 
4 3 1 2 132 
4 5 1 2 17 
4 1 1 2 4 
4 6 1 2 2 
3
5 636
2 94 -1 0 -8037
4 2 1 2 68 
4 3 1 2 40 
4 5 1 2 56 
4 1 1 2 4 
3
5 637
2 94 -1 0 -8037
4 2 1 2 120 
4 3 1 2 58 
4 5 1 2 172 
4 1 1 2 1 
4 6 1 2 2 
3
5 638
5 -8037
2 2 -1 8038 -1
4 5 1 4 8038 
4 9 1 4 8037 
4 7 1 4 8061 
4 3 1 4 8023 
4 14 1 2 0 
3
2 45 -1 0 -8038
4 2 1 2 0 
4 3 1 2 4 
4 5 1 2 204 
3
5 640
2 80 -1 0 -8038
4 2 1 2 0 
4 3 1 2 0 
4 5 1 2 0 
4 1 1 2 4 
3
5 641
2 84 -1 0 -8038
4 2 1 2 68 
4 3 1 2 12 
4 5 1 2 80 
4 6 1 2 7 
4 8 1 2 0 
4 9 1 2 0 
3
5 642
2 17 -1 0 -8038
4 2 1 2 32 
4 3 1 2 35 
4 5 1 2 0 
4 1 1 2 3 
4 6 1 2 1 
3
5 643
2 94 -1 0 -8038
4 2 1 2 20 
4 3 1 2 133 
4 5 1 2 188 
4 1 1 2 1 
3
5 644
2 94 -1 0 -8038
4 2 1 2 52 
4 3 1 2 40 
4 5 1 2 172 
4 1 1 2 1 
3
5 645
2 94 -1 0 -8038
4 2 1 2 100 
4 3 1 2 42 
4 5 1 2 188 
4 1 1 2 1 
3
5 646
2 94 -1 0 -8038
4 2 1 2 120 
4 3 1 2 42 
4 5 1 2 188 
4 1 1 2 1 
3
5 647
2 17 -1 0 -8038
4 2 1 2 4 
4 3 1 2 152 
4 5 1 2 16 
4 1 1 2 3 
4 6 1 2 1 
3
5 648
2 17 -1 0 -8038
4 2 1 2 72 
4 3 1 2 40 
4 5 1 2 32 
4 1 1 2 3 
4 6 1 2 1 
3
5 649
2 94 -1 0 -8038
4 2 1 2 104 
4 3 1 2 133 
4 5 1 2 24 
4 1 1 2 1 
3
5 650
5 -8038
2 2 -1 8039 -1
4 5 1 4 8040 
4 9 1 4 8038 
4 7 1 4 8062 
4 3 1 4 8024 
4 14 1 2 0 
3
2 45 -1 0 -8039
4 2 1 2 0 
4 3 1 2 4 
4 5 1 2 204 
3
5 652
2 80 -1 0 -8039
4 2 1 2 0 
4 3 1 2 0 
4 5 1 2 0 
4 1 1 2 4 
3
5 653
2 43 -1 0 -8039
4 2 1 2 68 
4 3 1 2 143 
4 5 1 2 0 
4 6 1 2 1 
4 8 1 2 0 
4 9 1 2 0 
4 10 1 2 0 
4 11 1 2 254 
4 12 1 2 0 
4 13 1 2 250 
4 14 1 2 0 
4 15 1 2 0 
4 16 1 2 0 
4 17 1 2 0 
4 18 1 2 0 
4 19 1 2 0 
4 20 1 2 0 
4 21 1 2 0 
4 22 1 2 0 
3
2 49 -1 0 654
4 2 1 2 0 
4 3 1 2 0 
4 5 1 2 16 
4 1 1 2 61 
4 6 1 2 1 
3
5 655
5 654
2 68 -1 0 -8039
4 2 1 2 56 
4 3 1 2 10 
4 5 1 2 8 
4 6 1 2 1 
3
5 656
2 94 -1 0 -8039
4 2 1 2 47 
4 3 1 2 42 
4 5 1 2 164 
4 1 1 2 10 
3
5 657
2 94 -1 0 -8039
4 2 1 2 3 
4 3 1 2 38 
4 5 1 2 16 
4 1 1 2 10 
3
5 658
2 67 -1 0 -8039
4 2 1 2 4 
4 3 1 2 131 
4 5 1 2 32 
4 1 1 2 2 
4 8 1 2 1 
3
5 659
2 67 -1 0 -8039
4 2 1 2 28 
4 3 1 2 131 
4 5 1 2 32 
4 1 1 2 2 
4 8 1 2 1 
3
5 660
2 94 -1 0 -8039
4 2 1 2 95 
4 3 1 2 41 
4 5 1 2 188 
4 1 1 2 10 
3
5 661
2 94 -1 0 -8039
4 2 1 2 143 
4 3 1 2 32 
4 5 1 2 245 
4 1 1 2 10 
3
5 662
2 67 -1 0 -8039
4 2 1 2 52 
4 3 1 2 131 
4 5 1 2 32 
4 1 1 2 2 
4 8 1 2 1 
3
5 663
2 67 -1 0 -8039
4 2 1 2 92 
4 3 1 2 131 
4 5 1 2 32 
4 1 1 2 2 
4 8 1 2 1 
3
5 664
2 67 -1 0 -8039
4 2 1 2 116 
4 3 1 2 131 
4 5 1 2 32 
4 1 1 2 2 
4 8 1 2 1 
3
5 665
2 67 -1 0 -8039
4 2 1 2 140 
4 3 1 2 131 
4 5 1 2 32 
4 1 1 2 2 
4 8 1 2 1 
3
5 666
2 67 -1 0 -8039
4 2 1 2 132 
4 3 1 2 151 
4 5 1 2 32 
4 1 1 2 2 
4 8 1 2 1 
3
5 667
2 67 -1 0 -8039
4 2 1 2 108 
4 3 1 2 151 
4 5 1 2 32 
4 1 1 2 2 
4 8 1 2 1 
3
5 668
2 67 -1 0 -8039
4 2 1 2 84 
4 3 1 2 151 
4 5 1 2 32 
4 1 1 2 2 
4 8 1 2 1 
3
5 669
2 67 -1 0 -8039
4 2 1 2 44 
4 3 1 2 151 
4 5 1 2 32 
4 1 1 2 2 
4 8 1 2 1 
3
5 670
2 67 -1 0 -8039
4 2 1 2 20 
4 3 1 2 151 
4 5 1 2 32 
4 1 1 2 2 
4 8 1 2 1 
3
5 671
5 -8039
2 2 -1 8040 -1
4 5 1 4 8041 
4 9 1 4 8039 
4 7 1 4 8063 
4 3 1 4 8041 
4 14 1 2 0 
3
2 45 -1 0 -8040
4 2 1 2 0 
4 3 1 2 4 
4 5 1 2 204 
3
5 673
2 80 -1 0 -8040
4 2 1 2 0 
4 3 1 2 0 
4 5 1 2 0 
4 1 1 2 4 
3
5 674
2 94 -1 0 -8040
4 2 1 2 92 
4 3 1 2 56 
4 5 1 2 172 
4 1 1 2 1 
4 6 1 2 2 
3
5 675
2 67 -1 0 -8040
4 2 1 2 24 
4 3 1 2 50 
4 5 1 2 196 
4 8 1 2 1 
3
5 676
2 67 -1 0 -8040
4 2 1 2 52 
4 3 1 2 154 
4 5 1 2 32 
4 1 1 2 1 
4 8 1 2 1 
3
5 677
2 67 -1 0 -8040
4 2 1 2 40 
4 3 1 2 48 
4 5 1 2 196 
4 8 1 2 1 
3
5 678
2 67 -1 0 -8040
4 2 1 2 32 
4 3 1 2 48 
4 5 1 2 196 
4 8 1 2 1 
3
5 679
2 67 -1 0 -8040
4 2 1 2 48 
4 3 1 2 46 
4 5 1 2 16 
4 8 1 2 1 
3
5 680
2 94 -1 0 -8040
4 2 1 2 92 
4 3 1 2 40 
4 5 1 2 172 
4 1 1 2 1 
4 6 1 2 1 
3
5 681
2 94 -1 0 -8040
4 2 1 2 0 
4 3 1 2 40 
4 5 1 2 196 
4 1 1 2 1 
3
5 682
2 67 -1 0 -8040
4 2 1 2 36 
4 3 1 2 170 
4 5 1 2 16 
4 8 1 2 1 
3
5 683
2 17 -1 0 -8040
4 2 1 2 12 
4 3 1 2 152 
4 5 1 2 32 
3
5 684
2 67 -1 0 -8040
4 2 1 2 36 
4 3 1 2 143 
4 5 1 2 32 
4 1 1 2 1 
4 8 1 2 1 
3
5 685
2 17 -1 0 -8040
4 2 1 2 132 
4 3 1 2 142 
4 5 1 2 40 
3
5 686
2 67 -1 0 -8040
4 2 1 2 52 
4 3 1 2 128 
4 5 1 2 32 
4 1 1 2 1 
4 8 1 2 1 
3
5 687
2 67 -1 0 -8040
4 2 1 2 52 
4 3 1 2 143 
4 5 1 2 32 
4 1 1 2 1 
4 8 1 2 1 
3
5 688
2 67 -1 0 -8040
4 2 1 2 76 
4 3 1 2 143 
4 5 1 2 32 
4 1 1 2 1 
4 8 1 2 1 
3
5 689
2 67 -1 0 -8040
4 2 1 2 96 
4 3 1 2 143 
4 5 1 2 32 
4 1 1 2 1 
4 8 1 2 1 
3
5 690
5 -8040
2 2 -1 8041 -1
4 5 1 4 8042 
4 9 1 4 8040 
4 7 1 4 8064 
4 3 1 4 8040 
4 14 1 2 0 
3
2 45 -1 0 -8041
4 2 1 2 0 
4 3 1 2 4 
4 5 1 2 204 
3
5 692
2 80 -1 0 -8041
4 2 1 2 0 
4 3 1 2 0 
4 5 1 2 0 
4 1 1 2 4 
3
5 693
2 71 -1 0 -8041
4 2 1 2 96 
4 3 1 2 148 
4 5 1 2 32 
4 8 1 2 1 
3
5 694
2 71 -1 0 -8041
4 2 1 2 32 
4 3 1 2 138 
4 5 1 2 32 
4 8 1 2 1 
3
5 695
2 94 -1 0 -8041
4 2 1 2 104 
4 3 1 2 35 
4 5 1 2 172 
3
5 696
2 94 -1 0 -8041
4 2 1 2 64 
4 3 1 2 36 
4 5 1 2 196 
4 1 1 2 1 
3
5 697
2 94 -1 0 -8041
4 2 1 2 32 
4 3 1 2 42 
4 5 1 2 164 
4 1 1 2 1 
3
5 698
2 94 -1 0 -8041
4 2 1 2 144 
4 3 1 2 133 
4 5 1 2 16 
3
5 699
2 94 -1 0 -8041
4 2 1 2 108 
4 3 1 2 75 
4 5 1 2 172 
4 6 1 2 3 
3
5 700
2 94 -1 0 -8041
4 2 1 2 0 
4 3 1 2 31 
4 5 1 2 172 
4 1 1 2 1 
3
5 701
2 94 -1 0 -8041
4 2 1 2 100 
4 3 1 2 71 
4 5 1 2 173 
4 6 1 2 3 
3
5 702
2 71 -1 0 -8041
4 2 1 2 100 
4 3 1 2 146 
4 5 1 2 32 
4 8 1 2 1 
3
5 703
2 94 -1 0 -8041
4 2 1 2 12 
4 3 1 2 138 
4 5 1 2 0 
4 1 1 2 7 
3
5 704
2 94 -1 0 -8041
4 2 1 2 64 
4 3 1 2 148 
4 5 1 2 0 
4 1 1 2 7 
3
5 705
5 -8041
2 2 -1 8042 -1
4 5 1 4 8043 
4 9 1 4 8041 
4 7 1 4 8065 
4 3 1 4 8043 
4 14 1 2 0 
3
2 45 -1 0 -8042
4 2 1 2 0 
4 3 1 2 4 
4 5 1 2 204 
3
5 707
2 80 -1 0 -8042
4 2 1 2 0 
4 3 1 2 0 
4 5 1 2 0 
4 1 1 2 4 
3
5 708
2 94 -1 0 -8042
4 2 1 2 88 
4 3 1 2 33 
4 5 1 2 236 
4 6 1 2 1 
3
5 709
2 71 -1 0 -8042
4 2 1 2 8 
4 3 1 2 138 
4 5 1 2 32 
4 8 1 2 1 
3
5 710
2 94 -1 0 -8042
4 2 1 2 40 
4 3 1 2 35 
4 5 1 2 172 
3
5 711
2 94 -1 0 -8042
4 2 1 2 88 
4 3 1 2 57 
4 5 1 2 188 
4 6 1 2 3 
3
5 712
2 94 -1 0 -8042
4 2 1 2 84 
4 3 1 2 57 
4 5 1 2 189 
4 6 1 2 3 
3
5 713
2 94 -1 0 -8042
4 2 1 2 128 
4 3 1 2 33 
4 5 1 2 220 
4 6 1 2 1 
3
5 714
2 94 -1 0 -8042
4 2 1 2 44 
4 3 1 2 75 
4 5 1 2 172 
4 6 1 2 3 
3
5 715
2 94 -1 0 -8042
4 2 1 2 20 
4 3 1 2 141 
4 5 1 2 16 
3
5 716
2 94 -1 0 -8042
4 2 1 2 36 
4 3 1 2 71 
4 5 1 2 173 
4 6 1 2 3 
3
5 717
2 17 -1 0 -8042
4 2 1 2 40 
4 3 1 2 138 
4 5 1 2 48 
3
5 718
2 17 -1 0 -8042
4 2 1 2 84 
4 3 1 2 136 
4 5 1 2 72 
3
5 719
2 17 -1 0 -8042
4 2 1 2 136 
4 3 1 2 146 
4 5 1 2 80 
3
5 720
2 67 -1 0 -8042
4 2 1 2 4 
4 3 1 2 148 
4 5 1 2 32 
4 1 1 2 2 
4 8 1 2 1 
3
5 721
2 67 -1 0 -8042
4 2 1 2 100 
4 3 1 2 135 
4 5 1 2 33 
4 1 1 2 2 
4 8 1 2 1 
3
5 722
2 94 -1 0 -8042
4 2 1 2 128 
4 3 1 2 65 
4 5 1 2 220 
4 6 1 2 3 
3
5 723
2 94 -1 0 -8042
4 2 1 2 128 
4 3 1 2 66 
4 5 1 2 221 
4 6 1 2 3 
3
5 724
2 17 -1 0 -8042
4 2 1 2 104 
4 3 1 2 138 
4 5 1 2 9 
4 1 1 2 4 
3
5 725
5 -8042
2 2 -1 8043 -1
4 5 1 4 8044 
4 9 1 4 8042 
4 7 1 4 8066 
4 3 1 4 8042 
4 14 1 2 0 
3
2 45 -1 0 -8043
4 2 1 2 0 
4 3 1 2 4 
4 5 1 2 204 
3
5 727
2 80 -1 0 -8043
4 2 1 2 0 
4 3 1 2 0 
4 5 1 2 0 
4 1 1 2 4 
3
5 728
2 94 -1 0 -8043
4 2 1 2 32 
4 3 1 2 129 
4 5 1 2 16 
4 1 1 2 11 
4 6 1 2 2 
3
5 729
2 94 -1 0 -8043
4 2 1 2 52 
4 3 1 2 136 
4 5 1 2 32 
4 1 1 2 10 
3
5 730
2 94 -1 0 -8043
4 2 1 2 32 
4 3 1 2 35 
4 5 1 2 172 
3
5 731
2 94 -1 0 -8043
4 2 1 2 84 
4 3 1 2 40 
4 5 1 2 172 
4 1 1 2 10 
3
5 732
2 94 -1 0 -8043
4 2 1 2 124 
4 3 1 2 44 
4 5 1 2 228 
4 1 1 2 1 
3
5 733
2 94 -1 0 -8043
4 2 1 2 120 
4 3 1 2 133 
4 5 1 2 56 
3
5 734
2 94 -1 0 -8043
4 2 1 2 32 
4 3 1 2 75 
4 5 1 2 188 
4 6 1 2 3 
3
5 735
2 94 -1 0 -8043
4 2 1 2 0 
4 3 1 2 33 
4 5 1 2 72 
4 1 1 2 1 
3
5 736
2 94 -1 0 -8043
4 2 1 2 32 
4 3 1 2 71 
4 5 1 2 189 
4 6 1 2 3 
3
5 737
2 17 -1 0 -8043
4 2 1 2 16 
4 3 1 2 133 
4 5 1 2 40 
4 1 1 2 1 
3
5 738
2 71 -1 0 -8043
4 2 1 2 100 
4 3 1 2 139 
4 5 1 2 88 
4 1 1 2 1 
4 8 1 2 1 
3
5 739
2 94 -1 0 -8043
4 2 1 2 80 
4 3 1 2 129 
4 5 1 2 17 
4 1 1 2 11 
4 6 1 2 2 
3
5 740
5 -8043
2 2 -1 8044 -1
4 5 1 4 8045 
4 9 1 4 8043 
4 7 1 4 8067 
4 3 1 4 8024 
4 14 1 2 0 
3
2 45 -1 0 -8044
4 2 1 2 0 
4 3 1 2 4 
4 5 1 2 204 
3
5 742
2 80 -1 0 -8044
4 2 1 2 0 
4 3 1 2 0 
4 5 1 2 0 
4 1 1 2 4 
3
5 743
2 94 -1 0 -8044
4 2 1 2 92 
4 3 1 2 33 
4 5 1 2 236 
4 6 1 2 1 
3
5 744
2 71 -1 0 -8044
4 2 1 2 8 
4 3 1 2 138 
4 5 1 2 32 
4 8 1 2 1 
3
5 745
2 94 -1 0 -8044
4 2 1 2 40 
4 3 1 2 35 
4 5 1 2 172 
3
5 746
2 94 -1 0 -8044
4 2 1 2 88 
4 3 1 2 57 
4 5 1 2 188 
4 6 1 2 3 
3
5 747
2 94 -1 0 -8044
4 2 1 2 92 
4 3 1 2 57 
4 5 1 2 189 
4 6 1 2 3 
3
5 748
2 94 -1 0 -8044
4 2 1 2 128 
4 3 1 2 33 
4 5 1 2 220 
3
5 749
2 94 -1 0 -8044
4 2 1 2 44 
4 3 1 2 75 
4 5 1 2 172 
4 6 1 2 3 
3
5 750
2 94 -1 0 -8044
4 2 1 2 108 
4 3 1 2 141 
4 5 1 2 32 
3
5 751
2 94 -1 0 -8044
4 2 1 2 36 
4 3 1 2 71 
4 5 1 2 173 
4 6 1 2 3 
3
5 752
2 17 -1 0 -8044
4 2 1 2 24 
4 3 1 2 138 
4 5 1 2 32 
3
5 753
2 17 -1 0 -8044
4 2 1 2 44 
4 3 1 2 136 
4 5 1 2 56 
3
5 754
2 17 -1 0 -8044
4 2 1 2 136 
4 3 1 2 146 
4 5 1 2 80 
3
5 755
2 67 -1 0 -8044
4 2 1 2 4 
4 3 1 2 148 
4 5 1 2 32 
4 1 1 2 2 
4 8 1 2 1 
3
5 756
2 67 -1 0 -8044
4 2 1 2 80 
4 3 1 2 145 
4 5 1 2 32 
4 1 1 2 2 
4 8 1 2 1 
3
5 757
2 67 -1 0 -8044
4 2 1 2 100 
4 3 1 2 135 
4 5 1 2 33 
4 1 1 2 2 
4 8 1 2 1 
3
5 758
5 -8044
2 2 -1 8045 -1
4 5 1 4 8046 
4 9 1 4 8044 
4 7 1 4 8068 
4 3 1 4 8025 
4 14 1 2 0 
3
2 45 -1 0 -8045
4 2 1 2 0 
4 3 1 2 4 
4 5 1 2 204 
3
5 760
2 80 -1 0 -8045
4 2 1 2 0 
4 3 1 2 0 
4 5 1 2 0 
4 1 1 2 4 
3
5 761
2 94 -1 0 -8045
4 2 1 2 64 
4 3 1 2 33 
4 5 1 2 188 
4 1 1 2 1 
4 6 1 2 1 
3
5 762
2 94 -1 0 -8045
4 2 1 2 64 
4 3 1 2 53 
4 5 1 2 188 
4 1 1 2 1 
4 6 1 2 2 
3
5 763
2 94 -1 0 -8045
4 2 1 2 100 
4 3 1 2 133 
4 5 1 2 156 
4 1 1 2 1 
3
5 764
2 94 -1 0 -8045
4 2 1 2 8 
4 3 1 2 39 
4 5 1 2 172 
4 1 1 2 1 
4 6 1 2 1 
3
5 765
2 94 -1 0 -8045
4 2 1 2 24 
4 3 1 2 42 
4 5 1 2 172 
4 1 1 2 1 
3
5 766
2 94 -1 0 -8045
4 2 1 2 132 
4 3 1 2 41 
4 5 1 2 172 
4 1 1 2 1 
3
5 767
2 94 -1 0 -8045
4 2 1 2 8 
4 3 1 2 61 
4 5 1 2 172 
4 1 1 2 1 
4 6 1 2 2 
3
5 768
2 17 -1 0 -8045
4 2 1 2 120 
4 3 1 2 148 
4 5 1 2 64 
3
5 769
2 17 -1 0 -8045
4 2 1 2 88 
4 3 1 2 156 
4 5 1 2 64 
3
5 770
2 17 -1 0 -8045
4 2 1 2 20 
4 3 1 2 145 
4 5 1 2 80 
3
5 771
5 -8045
2 2 -1 8046 -1
4 9 1 4 8045 
4 7 1 4 8069 
4 3 1 4 8025 
4 14 1 2 0 
3
2 45 -1 0 -8046
4 2 1 2 0 
4 3 1 2 4 
4 5 1 2 204 
3
5 773
2 80 -1 0 -8046
4 2 1 2 0 
4 3 1 2 0 
4 5 1 2 0 
4 1 1 2 4 
3
5 774
2 67 -1 0 -8046
4 2 1 2 40 
4 3 1 2 144 
4 5 1 2 16 
4 8 1 2 1 
3
5 775
2 67 -1 0 -8046
4 2 1 2 68 
4 3 1 2 154 
4 5 1 2 16 
4 8 1 2 1 
3
5 776
2 67 -1 0 -8046
4 2 1 2 92 
4 3 1 2 149 
4 5 1 2 16 
4 8 1 2 1 
3
5 777
2 67 -1 0 -8046
4 2 1 2 48 
4 3 1 2 48 
4 5 1 2 196 
4 8 1 2 1 
3
5 778
2 67 -1 0 -8046
4 2 1 2 8 
4 3 1 2 48 
4 5 1 2 196 
4 8 1 2 1 
3
5 779
2 67 -1 0 -8046
4 2 1 2 88 
4 3 1 2 46 
4 5 1 2 16 
4 8 1 2 1 
3
5 780
2 67 -1 0 -8046
4 2 1 2 100 
4 3 1 2 170 
4 5 1 2 16 
4 8 1 2 1 
3
5 781
2 67 -1 0 -8046
4 2 1 2 128 
4 3 1 2 163 
4 5 1 2 16 
4 8 1 2 1 
3
5 782
5 -8046
2 2 -1 8047 -1
4 7 1 4 8070 
4 3 1 4 8026 
4 14 1 2 0 
3
2 45 -1 0 -8047
4 2 1 2 0 
4 3 1 2 4 
4 5 1 2 204 
3
5 784
2 97 -1 0 -8047
4 2 1 2 0 
4 3 1 2 0 
4 5 1 2 0 
4 1 1 2 4 
3
5 785
2 92 -1 0 -8047
4 2 1 2 16 
4 3 1 2 32 
4 5 1 2 252 
4 8 1 2 1 
4 9 1 2 0 
4 10 1 2 103 
4 11 1 2 0 
4 12 1 2 103 
4 13 1 2 212 
3
5 786
2 93 -1 0 -8047
4 2 1 2 16 
4 3 1 2 104 
4 5 1 2 220 
4 8 1 2 1 
4 9 1 2 254 
4 10 1 2 105 
4 11 1 2 243 
4 12 1 2 114 
4 13 1 2 24 
4 14 1 2 1 
4 15 1 2 7 
4 16 1 2 149 
4 17 1 2 149 
4 18 1 2 149 
4 19 1 2 149 
4 20 1 2 149 
4 21 1 2 149 
4 22 1 2 106 
4 23 1 2 106 
4 24 1 2 89 
4 25 1 2 89 
4 26 1 2 89 
4 27 1 2 89 
4 28 1 2 89 
4 29 1 2 89 
4 30 1 2 166 
4 31 1 2 166 
4 32 1 2 0 
4 33 1 2 0 
4 34 1 2 0 
4 35 1 2 0 
4 36 1 2 0 
4 37 1 2 0 
4 38 1 2 0 
4 39 1 2 0 
4 40 1 2 0 
4 41 1 2 0 
4 42 1 2 0 
4 43 1 2 0 
4 44 1 2 0 
4 45 1 2 0 
4 46 1 2 0 
4 47 1 2 0 
3
5 787
2 98 -1 0 -8047
4 2 1 2 16 
4 3 1 2 96 
4 5 1 2 0 
4 1 1 2 2 
4 6 1 2 1 
3
5 788
2 98 -1 0 -8047
4 2 1 2 96 
4 3 1 2 78 
4 5 1 2 1 
4 1 1 2 2 
4 6 1 2 1 
3
5 789
2 98 -1 0 -8047
4 2 1 2 28 
4 3 1 2 53 
4 5 1 2 0 
4 1 1 2 3 
3
5 790
2 17 -1 0 -8047
4 2 1 2 24 
4 3 1 2 151 
4 5 1 2 0 
4 1 1 2 3 
3
5 791
2 17 -1 0 -8047
4 2 1 2 0 
4 3 1 2 32 
4 5 1 2 48 
4 1 1 2 3 
4 6 1 2 1 
3
5 792
2 17 -1 0 -8047
4 2 1 2 120 
4 3 1 2 151 
4 5 1 2 8 
4 1 1 2 4 
3
5 793
2 92 -1 0 -8047
4 2 1 2 68 
4 3 1 2 32 
4 5 1 2 196 
4 8 1 2 1 
4 9 1 2 0 
4 10 1 2 23 
4 11 1 2 0 
4 12 1 2 23 
4 13 1 2 192 
3
5 794
2 79 -1 0 -8047
4 2 1 2 156 
4 3 1 2 15 
4 5 1 2 16 
4 1 1 2 3 
4 8 1 2 128 
4 9 1 2 89 
4 10 1 2 101 
4 11 1 2 128 
4 12 1 2 79 
4 13 1 2 108 
4 14 1 2 100 
4 15 1 2 101 
4 16 1 2 134 
4 17 1 2 128 
4 18 1 2 66 
4 19 1 2 111 
4 20 1 2 116 
4 21 1 2 116 
4 22 1 2 108 
4 23 1 2 101 
4 24 1 2 134 
4 25 1 2 128 
4 26 1 2 83 
4 27 1 2 104 
4 28 1 2 111 
4 29 1 2 112 
4 30 1 2 112 
4 31 1 2 101 
4 32 1 2 32 
4 33 1 2 32 
4 34 1 2 32 
4 35 1 2 32 
4 36 1 2 32 
4 37 1 2 32 
4 38 1 2 32 
4 39 1 2 32 
4 40 1 2 32 
4 41 1 2 32 
4 42 1 2 32 
4 43 1 2 32 
4 44 1 2 32 
4 45 1 2 32 
4 46 1 2 32 
4 47 1 2 32 
3
5 795
5 -8047
2 2 -1 8048 -1
4 5 1 4 8049 
4 9 1 4 8049 
4 7 1 4 8071 
4 3 1 4 8049 
4 14 1 2 0 
3
2 17 -1 0 -8048
4 2 1 2 8 
4 3 1 2 130 
4 5 1 2 16 
4 1 1 2 4 
3
5 797
2 97 -1 0 -8048
4 2 1 2 0 
4 3 1 2 0 
4 5 1 2 0 
4 1 1 2 4 
3
5 798
2 45 -1 0 -8048
4 2 1 2 0 
4 3 1 2 4 
4 5 1 2 204 
3
5 799
2 17 -1 0 -8048
4 2 1 2 36 
4 3 1 2 131 
4 5 1 2 16 
4 1 1 2 4 
4 6 1 2 2 
3
5 800
2 94 -1 0 -8048
4 2 1 2 16 
4 3 1 2 34 
4 5 1 2 212 
3
5 801
2 94 -1 0 -8048
4 2 1 2 60 
4 3 1 2 36 
4 5 1 2 228 
3
5 802
2 94 -1 0 -8048
4 2 1 2 60 
4 3 1 2 68 
4 5 1 2 236 
4 6 1 2 3 
3
5 803
2 94 -1 0 -8048
4 2 1 2 56 
4 3 1 2 66 
4 5 1 2 237 
4 6 1 2 3 
3
5 804
2 94 -1 0 -8048
4 2 1 2 104 
4 3 1 2 141 
4 5 1 2 188 
4 1 1 2 10 
3
5 805
2 17 -1 0 -8048
4 2 1 2 108 
4 3 1 2 142 
4 5 1 2 17 
4 1 1 2 4 
3
5 806
2 17 -1 0 -8048
4 2 1 2 84 
4 3 1 2 142 
4 5 1 2 16 
4 1 1 2 4 
4 6 1 2 1 
3
5 807
2 80 -1 0 -8048
4 2 1 2 140 
4 3 1 2 100 
4 5 1 2 140 
4 1 1 2 11 
3
5 808
2 94 -1 0 -8048
4 2 1 2 112 
4 3 1 2 30 
4 5 1 2 16 
4 1 1 2 1 
3
5 809
5 -8048
2 2 -1 8049 -1
4 5 1 4 8048 
4 9 1 4 8048 
4 7 1 4 8072 
4 3 1 4 8048 
4 14 1 2 0 
3
2 45 -1 0 -8049
4 2 1 2 0 
4 3 1 2 4 
4 5 1 2 204 
3
5 811
2 80 -1 0 -8049
4 2 1 2 0 
4 3 1 2 0 
4 5 1 2 0 
4 1 1 2 4 
3
5 812
2 93 -1 0 -8049
4 2 1 2 116 
4 3 1 2 73 
4 5 1 2 172 
4 8 1 2 0 
4 9 1 2 253 
4 10 1 2 26 
4 11 1 2 0 
4 12 1 2 31 
4 13 1 2 31 
4 14 1 2 1 
4 15 1 2 15 
4 16 1 2 85 
4 17 1 2 85 
4 18 1 2 95 
4 19 1 2 85 
4 20 1 2 127 
4 21 1 2 213 
4 22 1 2 127 
4 23 1 2 213 
4 24 1 2 127 
4 25 1 2 213 
4 26 1 2 95 
4 27 1 2 85 
4 28 1 2 85 
4 29 1 2 85 
4 30 1 2 85 
4 31 1 2 85 
4 32 1 2 85 
4 33 1 2 85 
4 34 1 2 85 
4 35 1 2 85 
4 36 1 2 213 
4 37 1 2 87 
4 38 1 2 245 
4 39 1 2 95 
4 40 1 2 245 
4 41 1 2 95 
4 42 1 2 245 
4 43 1 2 95 
4 44 1 2 213 
4 45 1 2 87 
4 46 1 2 85 
4 47 1 2 85 
3
5 813
2 94 -1 0 -8049
4 2 1 2 8 
4 3 1 2 36 
4 5 1 2 188 
4 1 1 2 10 
3
5 814
2 94 -1 0 -8049
4 2 1 2 120 
4 3 1 2 35 
4 5 1 2 172 
3
5 815
2 94 -1 0 -8049
4 2 1 2 0 
4 3 1 2 86 
4 5 1 2 188 
4 1 1 2 10 
4 6 1 2 3 
3
5 816
2 94 -1 0 -8049
4 2 1 2 8 
4 3 1 2 86 
4 5 1 2 189 
4 1 1 2 10 
4 6 1 2 3 
3
5 817
2 94 -1 0 -8049
4 2 1 2 72 
4 3 1 2 151 
4 5 1 2 64 
3
5 818
2 94 -1 0 -8049
4 2 1 2 124 
4 3 1 2 66 
4 5 1 2 172 
4 6 1 2 3 
3
5 819
2 94 -1 0 -8049
4 2 1 2 32 
4 3 1 2 144 
4 5 1 2 188 
4 1 1 2 1 
3
5 820
2 94 -1 0 -8049
4 2 1 2 116 
4 3 1 2 66 
4 5 1 2 173 
4 6 1 2 3 
3
5 821
2 94 -1 0 -8049
4 2 1 2 116 
4 3 1 2 131 
4 5 1 2 0 
4 1 1 2 7 
3
5 822
5 -8049
2 2 -1 8050 -1
4 5 1 4 8051 
4 7 1 4 8074 
4 3 1 4 8027 
4 14 1 2 0 
3
2 45 -1 0 -8050
4 2 1 2 0 
4 3 1 2 4 
4 5 1 2 204 
3
5 824
2 80 -1 0 -8050
4 2 1 2 0 
4 3 1 2 0 
4 5 1 2 0 
4 1 1 2 4 
3
5 825
2 84 -1 0 -8050
4 2 1 2 68 
4 3 1 2 12 
4 5 1 2 80 
4 6 1 2 14 
4 8 1 2 0 
4 9 1 2 0 
3
5 826
2 94 -1 0 -8050
4 2 1 2 20 
4 3 1 2 133 
4 5 1 2 204 
4 1 1 2 1 
3
5 827
2 94 -1 0 -8050
4 2 1 2 52 
4 3 1 2 40 
4 5 1 2 172 
4 1 1 2 1 
3
5 828
2 94 -1 0 -8050
4 2 1 2 100 
4 3 1 2 42 
4 5 1 2 172 
4 1 1 2 1 
3
5 829
2 94 -1 0 -8050
4 2 1 2 120 
4 3 1 2 42 
4 5 1 2 172 
4 1 1 2 1 
3
5 830
5 -8050
2 2 -1 8051 -1
4 5 1 4 8052 
4 9 1 4 8050 
4 7 1 4 8075 
4 3 1 4 8028 
4 14 1 2 0 
3
2 45 -1 0 -8051
4 2 1 2 0 
4 3 1 2 4 
4 5 1 2 204 
3
5 832
2 80 -1 0 -8051
4 2 1 2 0 
4 3 1 2 0 
4 5 1 2 0 
4 1 1 2 4 
3
5 833
2 84 -1 0 -8051
4 2 1 2 68 
4 3 1 2 12 
4 5 1 2 80 
4 6 1 2 6 
4 8 1 2 0 
4 9 1 2 0 
3
5 834
2 71 -1 0 -8051
4 2 1 2 8 
4 3 1 2 138 
4 5 1 2 8 
4 8 1 2 1 
3
5 835
2 94 -1 0 -8051
4 2 1 2 104 
4 3 1 2 35 
4 5 1 2 172 
3
5 836
2 94 -1 0 -8051
4 2 1 2 64 
4 3 1 2 36 
4 5 1 2 196 
4 1 1 2 1 
3
5 837
2 94 -1 0 -8051
4 2 1 2 32 
4 3 1 2 42 
4 5 1 2 164 
4 1 1 2 1 
3
5 838
2 94 -1 0 -8051
4 2 1 2 144 
4 3 1 2 133 
4 5 1 2 16 
3
5 839
2 94 -1 0 -8051
4 2 1 2 108 
4 3 1 2 75 
4 5 1 2 172 
4 6 1 2 3 
3
5 840
2 94 -1 0 -8051
4 2 1 2 0 
4 3 1 2 31 
4 5 1 2 172 
4 1 1 2 1 
3
5 841
2 94 -1 0 -8051
4 2 1 2 100 
4 3 1 2 71 
4 5 1 2 173 
4 6 1 2 3 
3
5 842
5 -8051
2 2 -1 8052 -1
4 5 1 4 8053 
4 9 1 4 8051 
4 7 1 4 8076 
4 3 1 4 8029 
4 14 1 2 0 
3
2 45 -1 0 -8052
4 2 1 2 0 
4 3 1 2 4 
4 5 1 2 204 
3
5 844
2 80 -1 0 -8052
4 2 1 2 0 
4 3 1 2 0 
4 5 1 2 0 
4 1 1 2 4 
3
5 845
2 84 -1 0 -8052
4 2 1 2 68 
4 3 1 2 12 
4 5 1 2 80 
4 6 1 2 6 
4 8 1 2 0 
4 9 1 2 0 
3
5 846
2 94 -1 0 -8052
4 2 1 2 32 
4 3 1 2 71 
4 5 1 2 173 
4 6 1 2 3 
3
5 847
2 94 -1 0 -8052
4 2 1 2 104 
4 3 1 2 35 
4 5 1 2 172 
3
5 848
2 94 -1 0 -8052
4 2 1 2 40 
4 3 1 2 72 
4 5 1 2 172 
4 6 1 2 3 
3
5 849
2 94 -1 0 -8052
4 2 1 2 36 
4 3 1 2 35 
4 5 1 2 172 
3
5 850
2 17 -1 0 -8052
4 2 1 2 72 
4 3 1 2 40 
4 5 1 2 172 
3
5 851
2 94 -1 0 -8052
4 2 1 2 108 
4 3 1 2 73 
4 5 1 2 172 
4 6 1 2 3 
3
5 852
2 94 -1 0 -8052
4 2 1 2 100 
4 3 1 2 71 
4 5 1 2 173 
4 6 1 2 3 
3
5 853
5 -8052
2 2 -1 8053 -1
4 5 1 4 8054 
4 9 1 4 8052 
4 7 1 4 8077 
4 3 1 4 8030 
4 14 1 2 0 
3
2 45 -1 0 -8053
4 2 1 2 0 
4 3 1 2 4 
4 5 1 2 204 
3
5 855
2 80 -1 0 -8053
4 2 1 2 0 
4 3 1 2 0 
4 5 1 2 0 
4 1 1 2 4 
3
5 856
2 84 -1 0 -8053
4 2 1 2 68 
4 3 1 2 12 
4 5 1 2 80 
4 6 1 2 6 
4 8 1 2 0 
4 9 1 2 0 
3
5 857
2 17 -1 0 -8053
4 2 1 2 28 
4 3 1 2 131 
4 5 1 2 0 
3
5 858
2 94 -1 0 -8053
4 2 1 2 104 
4 3 1 2 35 
4 5 1 2 172 
3
5 859
2 94 -1 0 -8053
4 2 1 2 20 
4 3 1 2 36 
4 5 1 2 64 
4 1 1 2 1 
3
5 860
2 17 -1 0 -8053
4 2 1 2 80 
4 3 1 2 38 
4 5 1 2 16 
3
5 861
2 94 -1 0 -8053
4 2 1 2 148 
4 3 1 2 133 
4 5 1 2 16 
3
5 862
2 94 -1 0 -8053
4 2 1 2 108 
4 3 1 2 75 
4 5 1 2 188 
4 6 1 2 3 
3
5 863
2 94 -1 0 -8053
4 2 1 2 52 
4 3 1 2 31 
4 5 1 2 188 
4 1 1 2 1 
3
5 864
2 94 -1 0 -8053
4 2 1 2 100 
4 3 1 2 71 
4 5 1 2 189 
4 6 1 2 3 
3
5 865
5 -8053
2 2 -1 8054 -1
4 5 1 4 8055 
4 9 1 4 8053 
4 7 1 4 8078 
4 3 1 4 8031 
4 14 1 2 0 
3
2 45 -1 0 -8054
4 2 1 2 0 
4 3 1 2 4 
4 5 1 2 204 
3
5 867
2 80 -1 0 -8054
4 2 1 2 0 
4 3 1 2 0 
4 5 1 2 0 
4 1 1 2 4 
3
5 868
2 84 -1 0 -8054
4 2 1 2 68 
4 3 1 2 12 
4 5 1 2 80 
4 6 1 2 6 
4 8 1 2 0 
4 9 1 2 0 
3
5 869
2 94 -1 0 -8054
4 2 1 2 96 
4 3 1 2 133 
4 5 1 2 204 
4 1 1 2 1 
3
5 870
2 94 -1 0 -8054
4 2 1 2 52 
4 3 1 2 40 
4 5 1 2 172 
4 1 1 2 1 
3
5 871
2 94 -1 0 -8054
4 2 1 2 24 
4 3 1 2 42 
4 5 1 2 172 
4 1 1 2 1 
3
5 872
2 94 -1 0 -8054
4 2 1 2 128 
4 3 1 2 42 
4 5 1 2 172 
4 1 1 2 1 
3
5 873
5 -8054
2 2 -1 8055 -1
4 5 1 4 8056 
4 9 1 4 8054 
4 7 1 4 8079 
4 3 1 4 8032 
4 14 1 2 0 
3
2 45 -1 0 -8055
4 2 1 2 0 
4 3 1 2 4 
4 5 1 2 204 
3
5 875
2 80 -1 0 -8055
4 2 1 2 0 
4 3 1 2 0 
4 5 1 2 0 
4 1 1 2 4 
3
5 876
2 84 -1 0 -8055
4 2 1 2 68 
4 3 1 2 12 
4 5 1 2 80 
4 6 1 2 14 
4 8 1 2 0 
4 9 1 2 0 
3
5 877
2 17 -1 0 -8055
4 2 1 2 8 
4 3 1 2 128 
4 5 1 2 8 
4 1 1 2 4 
3
5 878
2 94 -1 0 -8055
4 2 1 2 120 
4 3 1 2 133 
4 5 1 2 172 
4 1 1 2 1 
3
5 879
2 94 -1 0 -8055
4 2 1 2 104 
4 3 1 2 134 
4 5 1 2 16 
4 1 1 2 1 
3
5 880
2 94 -1 0 -8055
4 2 1 2 24 
4 3 1 2 34 
4 5 1 2 188 
4 1 1 2 1 
3
5 881
2 94 -1 0 -8055
4 2 1 2 140 
4 3 1 2 129 
4 5 1 2 16 
4 1 1 2 1 
3
5 882
2 17 -1 0 -8055
4 2 1 2 32 
4 3 1 2 32 
4 5 1 2 9 
4 1 1 2 4 
3
5 883
2 94 -1 0 -8055
4 2 1 2 124 
4 3 1 2 30 
4 5 1 2 56 
4 1 1 2 1 
3
5 884
5 -8055
2 2 -1 8056 -1
4 5 1 4 8057 
4 9 1 4 8055 
4 7 1 4 8080 
4 3 1 4 8033 
4 14 1 2 0 
3
2 45 -1 0 -8056
4 2 1 2 0 
4 3 1 2 4 
4 5 1 2 204 
3
5 886
2 80 -1 0 -8056
4 2 1 2 0 
4 3 1 2 0 
4 5 1 2 0 
4 1 1 2 4 
3
5 887
2 84 -1 0 -8056
4 2 1 2 68 
4 3 1 2 12 
4 5 1 2 104 
4 6 1 2 14 
4 8 1 2 0 
4 9 1 2 0 
3
5 888
2 67 -1 0 -8056
4 2 1 2 100 
4 3 1 2 158 
4 5 1 2 32 
4 1 1 2 1 
4 8 1 2 1 
3
5 889
2 94 -1 0 -8056
4 2 1 2 32 
4 3 1 2 35 
4 5 1 2 172 
3
5 890
2 94 -1 0 -8056
4 2 1 2 24 
4 3 1 2 134 
4 5 1 2 16 
4 1 1 2 1 
3
5 891
2 94 -1 0 -8056
4 2 1 2 32 
4 3 1 2 75 
4 5 1 2 172 
4 6 1 2 3 
3
5 892
2 94 -1 0 -8056
4 2 1 2 0 
4 3 1 2 31 
4 5 1 2 172 
4 1 1 2 1 
3
5 893
2 94 -1 0 -8056
4 2 1 2 32 
4 3 1 2 71 
4 5 1 2 173 
4 6 1 2 3 
3
5 894
2 79 -1 0 -8056
4 2 1 2 100 
4 3 1 2 34 
4 5 1 2 228 
4 1 1 2 6 
4 6 1 2 1 
4 8 1 2 137 
4 9 1 2 134 
4 10 1 2 32 
4 11 1 2 32 
4 12 1 2 32 
4 13 1 2 32 
4 14 1 2 133 
4 15 1 2 129 
4 16 1 2 124 
4 17 1 2 134 
4 18 1 2 130 
4 19 1 2 136 
4 20 1 2 128 
4 21 1 2 139 
4 22 1 2 82 
4 23 1 2 72 
4 24 1 2 79 
4 25 1 2 78 
4 26 1 2 68 
4 27 1 2 65 
4 28 1 2 83 
4 29 1 2 134 
4 30 1 2 136 
4 31 1 2 128 
4 32 1 2 133 
4 33 1 2 32 
4 34 1 2 32 
4 35 1 2 32 
4 36 1 2 32 
4 37 1 2 32 
4 38 1 2 32 
4 39 1 2 32 
4 40 1 2 32 
4 41 1 2 32 
4 42 1 2 32 
4 43 1 2 32 
4 44 1 2 32 
4 45 1 2 32 
4 46 1 2 32 
4 47 1 2 32 
3
5 895
5 -8056
2 2 -1 8057 -1
4 9 1 4 8056 
4 3 1 4 8034 
4 14 1 2 0 
3
2 45 -1 0 -8057
4 2 1 2 0 
4 3 1 2 4 
4 5 1 2 204 
3
5 897
2 80 -1 0 -8057
4 2 1 2 0 
4 3 1 2 0 
4 5 1 2 0 
4 1 1 2 4 
3
5 898
2 84 -1 0 -8057
4 2 1 2 68 
4 3 1 2 12 
4 5 1 2 80 
4 6 1 2 9 
4 8 1 2 0 
4 9 1 2 0 
3
5 899
2 94 -1 0 -8057
4 2 1 2 100 
4 3 1 2 141 
4 5 1 2 236 
4 1 1 2 1 
3
5 900
2 94 -1 0 -8057
4 2 1 2 52 
4 3 1 2 40 
4 5 1 2 172 
4 1 1 2 1 
3
5 901
2 94 -1 0 -8057
4 2 1 2 24 
4 3 1 2 42 
4 5 1 2 172 
4 1 1 2 1 
3
5 902
2 94 -1 0 -8057
4 2 1 2 140 
4 3 1 2 37 
4 5 1 2 172 
4 1 1 2 1 
3
5 903
5 -8057
2 2 -1 8058 -1
4 5 1 4 8059 
4 9 1 4 8058 
4 7 1 4 8058 
4 3 1 4 8035 
4 14 1 2 0 
3
2 17 -1 0 -8058
4 2 1 2 0 
4 3 1 2 30 
4 5 1 2 32 
4 1 1 2 4 
3
5 905
2 97 -1 0 -8058
4 2 1 2 0 
4 3 1 2 0 
4 5 1 2 0 
4 1 1 2 4 
3
5 906
2 45 -1 0 -8058
4 2 1 2 0 
4 3 1 2 4 
4 5 1 2 204 
3
5 907
2 17 -1 0 -8058
4 2 1 2 32 
4 3 1 2 34 
4 5 1 2 16 
4 1 1 2 4 
4 6 1 2 2 
3
5 908
2 17 -1 0 -8058
4 2 1 2 72 
4 3 1 2 32 
4 5 1 2 97 
4 1 1 2 4 
4 6 1 2 2 
3
5 909
2 17 -1 0 -8058
4 2 1 2 76 
4 3 1 2 36 
4 5 1 2 16 
4 1 1 2 4 
4 6 1 2 2 
3
5 910
2 17 -1 0 -8058
4 2 1 2 108 
4 3 1 2 34 
4 5 1 2 16 
4 1 1 2 4 
4 6 1 2 2 
3
5 911
2 17 -1 0 -8058
4 2 1 2 136 
4 3 1 2 36 
4 5 1 2 16 
4 1 1 2 4 
4 6 1 2 2 
3
5 912
2 94 -1 0 -8058
4 2 1 2 136 
4 3 1 2 141 
4 5 1 2 172 
4 1 1 2 10 
3
5 913
2 17 -1 0 -8058
4 2 1 2 96 
4 3 1 2 158 
4 5 1 2 80 
4 1 1 2 4 
4 6 1 2 1 
3
5 914
2 17 -1 0 -8058
4 2 1 2 16 
4 3 1 2 152 
4 5 1 2 24 
4 1 1 2 4 
4 6 1 2 2 
3
5 915
2 80 -1 0 -8058
4 2 1 2 56 
4 3 1 2 96 
4 5 1 2 140 
4 1 1 2 11 
3
5 916
2 17 -1 0 -8058
4 2 1 2 52 
4 3 1 2 141 
4 5 1 2 33 
4 1 1 2 4 
4 6 1 2 2 
3
5 917
2 17 -1 0 -8058
4 2 1 2 84 
4 3 1 2 151 
4 5 1 2 57 
4 1 1 2 4 
4 6 1 2 2 
3
5 918
2 17 -1 0 -8058
4 2 1 2 92 
4 3 1 2 136 
4 5 1 2 17 
4 1 1 2 4 
4 6 1 2 2 
3
5 919
2 17 -1 0 -8058
4 2 1 2 112 
4 3 1 2 131 
4 5 1 2 17 
4 1 1 2 4 
4 6 1 2 1 
3
5 920
2 17 -1 0 -8058
4 2 1 2 120 
4 3 1 2 141 
4 5 1 2 25 
4 1 1 2 4 
4 6 1 2 2 
3
5 921
2 17 -1 0 -8058
4 2 1 2 64 
4 3 1 2 132 
4 5 1 2 17 
4 1 1 2 4 
4 6 1 2 2 
3
5 922
2 17 -1 0 -8058
4 2 1 2 0 
4 3 1 2 132 
4 5 1 2 16 
4 1 1 2 4 
4 6 1 2 2 
3
5 923
2 17 -1 0 -8058
4 2 1 2 160 
4 3 1 2 135 
4 5 1 2 97 
4 1 1 2 4 
4 6 1 2 2 
3
5 924
2 80 -1 0 -8058
4 2 1 2 40 
4 3 1 2 90 
4 5 1 2 140 
4 1 1 2 11 
3
5 925
2 80 -1 0 -8058
4 2 1 2 96 
4 3 1 2 105 
4 5 1 2 140 
4 1 1 2 11 
3
5 926
5 -8058
2 2 -1 8059 -1
4 5 1 4 8060 
4 9 1 4 8058 
4 7 1 4 8082 
4 3 1 4 8036 
4 14 1 2 0 
3
2 45 -1 0 -8059
4 2 1 2 0 
4 3 1 2 4 
4 5 1 2 204 
3
5 928
2 80 -1 0 -8059
4 2 1 2 0 
4 3 1 2 0 
4 5 1 2 0 
4 1 1 2 4 
3
5 929
2 68 -1 0 -8059
4 2 1 2 96 
4 3 1 2 15 
4 5 1 2 8 
4 6 1 2 1 
3
5 930
2 68 -1 0 -8059
4 2 1 2 12 
4 3 1 2 15 
4 5 1 2 8 
4 6 1 2 1 
3
5 931
2 43 -1 0 -8059
4 2 1 2 28 
4 3 1 2 147 
4 5 1 2 0 
4 6 1 2 1 
4 8 1 2 0 
4 9 1 2 0 
4 10 1 2 0 
4 11 1 2 255 
4 12 1 2 0 
4 13 1 2 0 
4 14 1 2 0 
4 15 1 2 0 
4 16 1 2 0 
4 17 1 2 0 
4 18 1 2 0 
4 19 1 2 0 
4 20 1 2 0 
4 21 1 2 0 
4 22 1 2 0 
3
2 49 -1 0 932
4 2 1 2 0 
4 3 1 2 0 
4 5 1 2 0 
4 1 1 2 108 
3
5 933
5 932
2 43 -1 0 -8059
4 2 1 2 112 
4 3 1 2 147 
4 5 1 2 0 
4 6 1 2 1 
4 8 1 2 0 
4 9 1 2 0 
4 10 1 2 0 
4 11 1 2 255 
4 12 1 2 0 
4 13 1 2 0 
4 14 1 2 0 
4 15 1 2 0 
4 16 1 2 0 
4 17 1 2 0 
4 18 1 2 0 
4 19 1 2 0 
4 20 1 2 0 
4 21 1 2 0 
4 22 1 2 0 
3
2 49 -1 0 934
4 2 1 2 0 
4 3 1 2 0 
4 5 1 2 0 
4 1 1 2 108 
4 6 1 2 1 
3
5 935
5 934
5 -8059
2 2 -1 8060 -1
4 5 1 4 8061 
4 9 1 4 8059 
4 7 1 4 8082 
4 3 1 4 8037 
4 14 1 2 0 
3
2 45 -1 0 -8060
4 2 1 2 0 
4 3 1 2 4 
4 5 1 2 204 
3
5 937
2 80 -1 0 -8060
4 2 1 2 0 
4 3 1 2 0 
4 5 1 2 0 
4 1 1 2 4 
3
5 938
2 67 -1 0 -8060
4 2 1 2 40 
4 3 1 2 144 
4 5 1 2 16 
4 8 1 2 1 
3
5 939
2 67 -1 0 -8060
4 2 1 2 68 
4 3 1 2 154 
4 5 1 2 16 
4 8 1 2 1 
3
5 940
2 67 -1 0 -8060
4 2 1 2 92 
4 3 1 2 149 
4 5 1 2 16 
4 8 1 2 1 
3
5 941
2 67 -1 0 -8060
4 2 1 2 48 
4 3 1 2 48 
4 5 1 2 196 
4 8 1 2 1 
3
5 942
2 67 -1 0 -8060
4 2 1 2 8 
4 3 1 2 48 
4 5 1 2 196 
4 8 1 2 1 
3
5 943
2 67 -1 0 -8060
4 2 1 2 88 
4 3 1 2 46 
4 5 1 2 16 
4 8 1 2 1 
3
5 944
2 67 -1 0 -8060
4 2 1 2 100 
4 3 1 2 170 
4 5 1 2 16 
4 8 1 2 1 
3
5 945
2 67 -1 0 -8060
4 2 1 2 128 
4 3 1 2 163 
4 5 1 2 16 
4 8 1 2 1 
3
5 946
5 -8060
2 2 -1 8061 -1
4 5 1 4 8062 
4 9 1 4 8060 
4 7 1 4 8083 
4 3 1 4 8038 
4 14 1 2 0 
3
2 45 -1 0 -8061
4 2 1 2 0 
4 3 1 2 4 
4 5 1 2 204 
3
5 948
2 80 -1 0 -8061
4 2 1 2 0 
4 3 1 2 0 
4 5 1 2 0 
4 1 1 2 4 
3
5 949
2 84 -1 0 -8061
4 2 1 2 68 
4 3 1 2 12 
4 5 1 2 80 
4 6 1 2 10 
4 8 1 2 0 
4 9 1 2 0 
3
5 950
2 94 -1 0 -8061
4 2 1 2 44 
4 3 1 2 141 
4 5 1 2 16 
4 1 1 2 1 
3
5 951
2 94 -1 0 -8061
4 2 1 2 52 
4 3 1 2 40 
4 5 1 2 172 
4 1 1 2 1 
3
5 952
2 94 -1 0 -8061
4 2 1 2 24 
4 3 1 2 42 
4 5 1 2 172 
4 1 1 2 1 
3
5 953
2 94 -1 0 -8061
4 2 1 2 140 
4 3 1 2 37 
4 5 1 2 172 
4 1 1 2 1 
3
5 954
5 -8061
2 2 -1 8062 -1
4 5 1 4 8063 
4 9 1 4 8061 
4 7 1 4 8084 
4 3 1 4 8039 
4 14 1 2 0 
3
2 45 -1 0 -8062
4 2 1 2 0 
4 3 1 2 4 
4 5 1 2 204 
3
5 956
2 80 -1 0 -8062
4 2 1 2 0 
4 3 1 2 0 
4 5 1 2 0 
4 1 1 2 4 
3
5 957
2 84 -1 0 -8062
4 2 1 2 68 
4 3 1 2 12 
4 5 1 2 80 
4 6 1 2 6 
4 8 1 2 0 
4 9 1 2 0 
3
5 958
2 94 -1 0 -8062
4 2 1 2 112 
4 3 1 2 130 
4 5 1 2 16 
4 1 1 2 1 
3
5 959
2 94 -1 0 -8062
4 2 1 2 88 
4 3 1 2 133 
4 5 1 2 204 
4 1 1 2 1 
3
5 960
2 94 -1 0 -8062
4 2 1 2 52 
4 3 1 2 40 
4 5 1 2 172 
4 1 1 2 1 
3
5 961
2 94 -1 0 -8062
4 2 1 2 24 
4 3 1 2 42 
4 5 1 2 172 
4 1 1 2 1 
3
5 962
2 94 -1 0 -8062
4 2 1 2 128 
4 3 1 2 42 
4 5 1 2 172 
4 1 1 2 1 
3
5 963
2 94 -1 0 -8062
4 2 1 2 72 
4 3 1 2 36 
4 5 1 2 16 
4 1 1 2 1 
3
5 964
2 94 -1 0 -8062
4 2 1 2 0 
4 3 1 2 40 
4 5 1 2 16 
4 1 1 2 1 
3
5 965
5 -8062
2 2 -1 8063 -1
4 5 1 4 8064 
4 9 1 4 8062 
4 7 1 4 8085 
4 3 1 4 8040 
4 14 1 2 0 
3
2 45 -1 0 -8063
4 2 1 2 0 
4 3 1 2 4 
4 5 1 2 204 
3
5 967
2 80 -1 0 -8063
4 2 1 2 0 
4 3 1 2 0 
4 5 1 2 0 
4 1 1 2 4 
3
5 968
2 84 -1 0 -8063
4 2 1 2 68 
4 3 1 2 12 
4 5 1 2 80 
4 6 1 2 6 
4 8 1 2 0 
4 9 1 2 0 
3
5 969
2 79 -1 0 -8063
4 2 1 2 92 
4 3 1 2 72 
4 5 1 2 252 
4 1 1 2 3 
4 6 1 2 2 
4 8 1 2 32 
4 9 1 2 72 
4 10 1 2 101 
4 11 1 2 110 
4 12 1 2 114 
4 13 1 2 121 
4 14 1 2 134 
4 15 1 2 32 
4 16 1 2 32 
4 17 1 2 116 
4 18 1 2 104 
4 19 1 2 101 
4 20 1 2 134 
4 21 1 2 128 
4 22 1 2 65 
4 23 1 2 118 
4 24 1 2 97 
4 25 1 2 116 
4 26 1 2 97 
4 27 1 2 114 
4 28 1 2 32 
4 29 1 2 32 
4 30 1 2 32 
4 31 1 2 32 
4 32 1 2 32 
4 33 1 2 32 
4 34 1 2 32 
4 35 1 2 32 
4 36 1 2 32 
4 37 1 2 32 
4 38 1 2 32 
4 39 1 2 32 
4 40 1 2 32 
4 41 1 2 32 
4 42 1 2 32 
4 43 1 2 32 
4 44 1 2 32 
4 45 1 2 32 
4 46 1 2 32 
4 47 1 2 32 
3
5 970
2 94 -1 0 -8063
4 2 1 2 68 
4 3 1 2 133 
4 5 1 2 204 
4 1 1 2 1 
3
5 971
2 94 -1 0 -8063
4 2 1 2 36 
4 3 1 2 40 
4 5 1 2 172 
4 1 1 2 1 
3
5 972
2 94 -1 0 -8063
4 2 1 2 8 
4 3 1 2 42 
4 5 1 2 172 
4 1 1 2 1 
3
5 973
2 94 -1 0 -8063
4 2 1 2 128 
4 3 1 2 42 
4 5 1 2 172 
4 1 1 2 1 
3
5 974
2 94 -1 0 -8063
4 2 1 2 100 
4 3 1 2 42 
4 5 1 2 172 
4 1 1 2 1 
4 6 1 2 1 
3
5 975
5 -8063
2 2 -1 8064 -1
4 5 1 4 8065 
4 9 1 4 8063 
4 7 1 4 8086 
4 3 1 4 8041 
4 14 1 2 0 
3
2 45 -1 0 -8064
4 2 1 2 0 
4 3 1 2 4 
4 5 1 2 204 
3
5 977
2 80 -1 0 -8064
4 2 1 2 0 
4 3 1 2 0 
4 5 1 2 0 
4 1 1 2 4 
3
5 978
2 84 -1 0 -8064
4 2 1 2 68 
4 3 1 2 12 
4 5 1 2 80 
4 6 1 2 6 
4 8 1 2 0 
4 9 1 2 0 
3
5 979
2 71 -1 0 -8064
4 2 1 2 8 
4 3 1 2 138 
4 5 1 2 8 
4 8 1 2 1 
3
5 980
2 94 -1 0 -8064
4 2 1 2 104 
4 3 1 2 35 
4 5 1 2 172 
3
5 981
2 94 -1 0 -8064
4 2 1 2 64 
4 3 1 2 36 
4 5 1 2 196 
4 1 1 2 1 
3
5 982
2 94 -1 0 -8064
4 2 1 2 32 
4 3 1 2 42 
4 5 1 2 164 
4 1 1 2 1 
4 6 1 2 1 
3
5 983
2 94 -1 0 -8064
4 2 1 2 144 
4 3 1 2 133 
4 5 1 2 16 
3
5 984
2 94 -1 0 -8064
4 2 1 2 108 
4 3 1 2 75 
4 5 1 2 172 
4 6 1 2 3 
3
5 985
2 94 -1 0 -8064
4 2 1 2 0 
4 3 1 2 31 
4 5 1 2 172 
4 1 1 2 1 
3
5 986
2 94 -1 0 -8064
4 2 1 2 100 
4 3 1 2 71 
4 5 1 2 173 
4 6 1 2 3 
3
5 987
2 79 -1 0 -8064
4 2 1 2 24 
4 3 1 2 72 
4 5 1 2 164 
4 1 1 2 3 
4 6 1 2 2 
4 8 1 2 32 
4 9 1 2 32 
4 10 1 2 83 
4 11 1 2 105 
4 12 1 2 120 
4 13 1 2 134 
4 14 1 2 32 
4 15 1 2 87 
4 16 1 2 105 
4 17 1 2 118 
4 18 1 2 101 
4 19 1 2 115 
4 20 1 2 134 
4 21 1 2 128 
4 22 1 2 72 
4 23 1 2 101 
4 24 1 2 32 
4 25 1 2 87 
4 26 1 2 101 
4 27 1 2 100 
4 28 1 2 32 
4 29 1 2 32 
4 30 1 2 32 
4 31 1 2 32 
4 32 1 2 32 
4 33 1 2 32 
4 34 1 2 32 
4 35 1 2 32 
4 36 1 2 32 
4 37 1 2 32 
4 38 1 2 32 
4 39 1 2 32 
4 40 1 2 32 
4 41 1 2 32 
4 42 1 2 32 
4 43 1 2 32 
4 44 1 2 32 
4 45 1 2 32 
4 46 1 2 32 
4 47 1 2 32 
3
5 988
5 -8064
2 2 -1 8065 -1
4 5 1 4 8066 
4 9 1 4 8064 
4 7 1 4 8087 
4 3 1 4 8042 
4 14 1 2 0 
3
2 45 -1 0 -8065
4 2 1 2 0 
4 3 1 2 4 
4 5 1 2 204 
3
5 990
2 80 -1 0 -8065
4 2 1 2 0 
4 3 1 2 0 
4 5 1 2 0 
4 1 1 2 4 
3
5 991
2 84 -1 0 -8065
4 2 1 2 68 
4 3 1 2 12 
4 5 1 2 80 
4 6 1 2 6 
4 8 1 2 0 
4 9 1 2 0 
3
5 992
2 94 -1 0 -8065
4 2 1 2 84 
4 3 1 2 134 
4 5 1 2 16 
4 1 1 2 1 
3
5 993
2 94 -1 0 -8065
4 2 1 2 96 
4 3 1 2 129 
4 5 1 2 204 
4 1 1 2 1 
3
5 994
2 94 -1 0 -8065
4 2 1 2 52 
4 3 1 2 40 
4 5 1 2 172 
4 1 1 2 1 
4 6 1 2 1 
3
5 995
2 94 -1 0 -8065
4 2 1 2 24 
4 3 1 2 42 
4 5 1 2 16 
4 1 1 2 1 
3
5 996
2 94 -1 0 -8065
4 2 1 2 128 
4 3 1 2 42 
4 5 1 2 172 
4 1 1 2 1 
3
5 997
2 94 -1 0 -8065
4 2 1 2 72 
4 3 1 2 36 
4 5 1 2 16 
4 1 1 2 1 
3
5 998
2 94 -1 0 -8065
4 2 1 2 0 
4 3 1 2 40 
4 5 1 2 16 
4 1 1 2 1 
3
5 999
2 94 -1 0 -8065
4 2 1 2 16 
4 3 1 2 133 
4 5 1 2 188 
4 1 1 2 1 
3
5 1000
2 17 -1 0 -8065
4 2 1 2 32 
4 3 1 2 30 
4 5 1 2 32 
3
5 1001
2 94 -1 0 -8065
4 2 1 2 100 
4 3 1 2 42 
4 5 1 2 64 
4 1 1 2 1 
3
5 1002
2 79 -1 0 -8065
4 2 1 2 40 
4 3 1 2 92 
4 5 1 2 0 
4 6 1 2 1 
4 8 1 2 68 
4 9 1 2 105 
4 10 1 2 118 
4 11 1 2 111 
4 12 1 2 114 
4 13 1 2 99 
4 14 1 2 105 
4 15 1 2 110 
4 16 1 2 103 
4 17 1 2 134 
4 18 1 2 128 
4 19 1 2 84 
4 20 1 2 104 
4 21 1 2 101 
4 22 1 2 109 
4 23 1 2 32 
4 24 1 2 65 
4 25 1 2 108 
4 26 1 2 108 
4 27 1 2 32 
4 28 1 2 32 
4 29 1 2 32 
4 30 1 2 32 
4 31 1 2 32 
4 32 1 2 32 
4 33 1 2 32 
4 34 1 2 32 
4 35 1 2 32 
4 36 1 2 32 
4 37 1 2 32 
4 38 1 2 32 
4 39 1 2 32 
4 40 1 2 32 
4 41 1 2 32 
4 42 1 2 32 
4 43 1 2 32 
4 44 1 2 32 
4 45 1 2 32 
4 46 1 2 32 
4 47 1 2 32 
3
5 1003
2 92 -1 0 -8065
4 2 1 2 40 
4 3 1 2 74 
4 5 1 2 244 
4 8 1 2 0 
4 9 1 2 0 
4 10 1 2 39 
4 11 1 2 0 
4 12 1 2 39 
4 13 1 2 151 
3
5 1004
5 -8065
2 2 -1 8066 -1
4 5 1 4 8066 
4 9 1 4 8065 
4 7 1 4 8088 
4 3 1 4 8043 
4 14 1 2 0 
3
2 45 -1 0 -8066
4 2 1 2 0 
4 3 1 2 4 
4 5 1 2 204 
3
5 1006
2 80 -1 0 -8066
4 2 1 2 0 
4 3 1 2 0 
4 5 1 2 0 
4 1 1 2 4 
3
5 1007
2 84 -1 0 -8066
4 2 1 2 68 
4 3 1 2 12 
4 5 1 2 80 
4 6 1 2 6 
4 8 1 2 0 
4 9 1 2 0 
3
5 1008
2 17 -1 0 -8066
4 2 1 2 24 
4 3 1 2 31 
4 5 1 2 0 
4 1 1 2 3 
4 6 1 2 1 
3
5 1009
2 94 -1 0 -8066
4 2 1 2 88 
4 3 1 2 131 
4 5 1 2 80 
4 1 1 2 10 
3
5 1010
2 94 -1 0 -8066
4 2 1 2 56 
4 3 1 2 40 
4 5 1 2 197 
4 1 1 2 1 
3
5 1011
2 94 -1 0 -8066
4 2 1 2 132 
4 3 1 2 42 
4 5 1 2 188 
4 1 1 2 1 
3
5 1012
2 94 -1 0 -8066
4 2 1 2 20 
4 3 1 2 131 
4 5 1 2 148 
4 1 1 2 10 
3
5 1013
2 17 -1 0 -8066
4 2 1 2 4 
4 3 1 2 153 
4 5 1 2 16 
4 1 1 2 3 
4 6 1 2 1 
3
5 1014
2 17 -1 0 -8066
4 2 1 2 104 
4 3 1 2 131 
4 5 1 2 32 
4 1 1 2 3 
4 6 1 2 1 
3
5 1015
2 94 -1 0 -8066
4 2 1 2 124 
4 3 1 2 138 
4 5 1 2 56 
4 1 1 2 10 
3
5 1016
2 17 -1 0 -8066
4 2 1 2 36 
4 3 1 2 37 
4 5 1 2 0 
4 1 1 2 3 
4 6 1 2 1 
3
5 1017
2 94 -1 0 -8066
4 2 1 2 0 
4 3 1 2 104 
4 5 1 2 140 
4 1 1 2 9 
3
5 1018
2 79 -1 0 -8066
4 2 1 2 44 
4 3 1 2 107 
4 5 1 2 0 
4 6 1 2 1 
4 8 1 2 32 
4 9 1 2 32 
4 10 1 2 66 
4 11 1 2 117 
4 12 1 2 116 
4 13 1 2 134 
4 14 1 2 75 
4 15 1 2 101 
4 16 1 2 101 
4 17 1 2 112 
4 18 1 2 105 
4 19 1 2 110 
4 20 1 2 103 
4 21 1 2 134 
4 22 1 2 32 
4 23 1 2 116 
4 24 1 2 104 
4 25 1 2 101 
4 26 1 2 105 
4 27 1 2 114 
4 28 1 2 134 
4 29 1 2 32 
4 30 1 2 104 
4 31 1 2 101 
4 32 1 2 97 
4 33 1 2 100 
4 34 1 2 115 
4 35 1 2 32 
4 36 1 2 32 
4 37 1 2 32 
4 38 1 2 32 
4 39 1 2 32 
4 40 1 2 32 
4 41 1 2 32 
4 42 1 2 32 
4 43 1 2 32 
4 44 1 2 32 
4 45 1 2 32 
4 46 1 2 32 
4 47 1 2 32 
3
5 1019
5 -8066
2 2 -1 8067 -1
4 5 1 4 8068 
4 9 1 4 8066 
4 7 1 4 8089 
4 3 1 4 8044 
4 14 1 2 0 
3
2 45 -1 0 -8067
4 2 1 2 0 
4 3 1 2 4 
4 5 1 2 204 
3
5 1021
2 80 -1 0 -8067
4 2 1 2 0 
4 3 1 2 0 
4 5 1 2 0 
4 1 1 2 4 
3
5 1022
2 84 -1 0 -8067
4 2 1 2 68 
4 3 1 2 12 
4 5 1 2 80 
4 6 1 2 13 
4 8 1 2 0 
4 9 1 2 0 
3
5 1023
2 17 -1 0 -8067
4 2 1 2 32 
4 3 1 2 35 
4 5 1 2 0 
4 1 1 2 3 
4 6 1 2 1 
3
5 1024
2 94 -1 0 -8067
4 2 1 2 20 
4 3 1 2 133 
4 5 1 2 188 
4 1 1 2 1 
3
5 1025
2 94 -1 0 -8067
4 2 1 2 52 
4 3 1 2 40 
4 5 1 2 172 
4 1 1 2 1 
3
5 1026
2 94 -1 0 -8067
4 2 1 2 100 
4 3 1 2 42 
4 5 1 2 188 
4 1 1 2 1 
3
5 1027
2 94 -1 0 -8067
4 2 1 2 120 
4 3 1 2 42 
4 5 1 2 188 
4 1 1 2 1 
3
5 1028
2 17 -1 0 -8067
4 2 1 2 4 
4 3 1 2 152 
4 5 1 2 16 
