4 1 1 2 3 
4 6 1 2 1 
3
5 1029
2 17 -1 0 -8067
4 2 1 2 72 
4 3 1 2 40 
4 5 1 2 32 
4 1 1 2 3 
4 6 1 2 1 
3
5 1030
2 79 -1 0 -8067
4 2 1 2 4 
4 3 1 2 26 
4 5 1 2 0 
4 6 1 2 3 
4 8 1 2 133 
4 9 1 2 131 
4 10 1 2 72 
4 11 1 2 32 
4 12 1 2 32 
4 13 1 2 65 
4 14 1 2 32 
4 15 1 2 32 
4 16 1 2 66 
4 17 1 2 32 
4 18 1 2 32 
4 19 1 2 73 
4 20 1 2 32 
4 21 1 2 32 
4 22 1 2 84 
4 23 1 2 32 
4 24 1 2 32 
4 25 1 2 65 
4 26 1 2 32 
4 27 1 2 32 
4 28 1 2 84 
4 29 1 2 32 
4 30 1 2 32 
4 31 1 2 32 
4 32 1 2 32 
4 33 1 2 32 
4 34 1 2 32 
4 35 1 2 32 
4 36 1 2 32 
4 37 1 2 32 
4 38 1 2 32 
4 39 1 2 32 
4 40 1 2 32 
4 41 1 2 32 
4 42 1 2 32 
4 43 1 2 32 
4 44 1 2 32 
4 45 1 2 32 
4 46 1 2 32 
4 47 1 2 32 
3
5 1031
5 -8067
2 2 -1 8068 -1
4 5 1 4 8069 
4 9 1 4 8067 
4 7 1 4 8090 
4 3 1 4 8045 
4 14 1 2 0 
3
2 45 -1 0 -8068
4 2 1 2 0 
4 3 1 2 4 
4 5 1 2 204 
3
5 1033
2 80 -1 0 -8068
4 2 1 2 0 
4 3 1 2 0 
4 5 1 2 0 
4 1 1 2 4 
3
5 1034
2 84 -1 0 -8068
4 2 1 2 68 
4 3 1 2 12 
4 5 1 2 80 
4 6 1 2 6 
4 8 1 2 0 
4 9 1 2 0 
3
5 1035
2 71 -1 0 -8068
4 2 1 2 24 
4 3 1 2 138 
4 5 1 2 0 
4 8 1 2 1 
3
5 1036
2 94 -1 0 -8068
4 2 1 2 44 
4 3 1 2 134 
4 5 1 2 16 
4 1 1 2 1 
3
5 1037
2 94 -1 0 -8068
4 2 1 2 52 
4 3 1 2 40 
4 5 1 2 172 
4 1 1 2 1 
3
5 1038
2 94 -1 0 -8068
4 2 1 2 24 
4 3 1 2 42 
4 5 1 2 156 
4 1 1 2 1 
3
5 1039
2 94 -1 0 -8068
4 2 1 2 140 
4 3 1 2 37 
4 5 1 2 156 
4 1 1 2 1 
3
5 1040
2 71 -1 0 -8068
4 2 1 2 76 
4 3 1 2 159 
4 5 1 2 0 
4 8 1 2 1 
3
5 1041
5 -8068
2 2 -1 8069 -1
4 5 1 4 8070 
4 9 1 4 8068 
4 7 1 4 8091 
4 3 1 4 8046 
4 14 1 2 0 
3
2 45 -1 0 -8069
4 2 1 2 0 
4 3 1 2 4 
4 5 1 2 204 
3
5 1043
2 80 -1 0 -8069
4 2 1 2 0 
4 3 1 2 0 
4 5 1 2 0 
4 1 1 2 4 
3
5 1044
2 84 -1 0 -8069
4 2 1 2 68 
4 3 1 2 12 
4 5 1 2 80 
4 6 1 2 6 
4 8 1 2 0 
4 9 1 2 0 
3
5 1045
2 94 -1 0 -8069
4 2 1 2 140 
4 3 1 2 130 
4 5 1 2 32 
4 1 1 2 1 
3
5 1046
2 94 -1 0 -8069
4 2 1 2 120 
4 3 1 2 133 
4 5 1 2 236 
4 1 1 2 1 
3
5 1047
2 94 -1 0 -8069
4 2 1 2 52 
4 3 1 2 40 
4 5 1 2 172 
4 1 1 2 1 
3
5 1048
2 94 -1 0 -8069
4 2 1 2 24 
4 3 1 2 42 
4 5 1 2 16 
4 1 1 2 1 
3
5 1049
2 94 -1 0 -8069
4 2 1 2 128 
4 3 1 2 42 
4 5 1 2 48 
4 1 1 2 1 
3
5 1050
2 94 -1 0 -8069
4 2 1 2 72 
4 3 1 2 40 
4 5 1 2 172 
4 1 1 2 1 
3
5 1051
2 94 -1 0 -8069
4 2 1 2 0 
4 3 1 2 40 
4 5 1 2 16 
4 1 1 2 1 
3
5 1052
2 94 -1 0 -8069
4 2 1 2 16 
4 3 1 2 133 
4 5 1 2 0 
4 1 1 2 1 
3
5 1053
2 17 -1 0 -8069
4 2 1 2 32 
4 3 1 2 35 
4 5 1 2 32 
3
5 1054
2 17 -1 0 -8069
4 2 1 2 100 
4 3 1 2 30 
4 5 1 2 32 
3
5 1055
5 -8069
2 2 -1 8070 -1
4 5 1 4 8071 
4 9 1 4 8069 
4 7 1 4 8092 
4 3 1 4 8047 
4 14 1 2 0 
3
2 45 -1 0 -8070
4 2 1 2 0 
4 3 1 2 4 
4 5 1 2 204 
3
5 1057
2 80 -1 0 -8070
4 2 1 2 0 
4 3 1 2 0 
4 5 1 2 0 
4 1 1 2 4 
3
5 1058
2 84 -1 0 -8070
4 2 1 2 68 
4 3 1 2 12 
4 5 1 2 104 
4 6 1 2 6 
4 8 1 2 0 
4 9 1 2 0 
3
5 1059
2 94 -1 0 -8070
4 2 1 2 100 
4 3 1 2 32 
4 5 1 2 196 
4 1 1 2 1 
3
5 1060
2 94 -1 0 -8070
4 2 1 2 32 
4 3 1 2 35 
4 5 1 2 172 
3
5 1061
2 94 -1 0 -8070
4 2 1 2 52 
4 3 1 2 134 
4 5 1 2 16 
4 1 1 2 1 
3
5 1062
2 94 -1 0 -8070
4 2 1 2 132 
4 3 1 2 44 
4 5 1 2 228 
4 1 1 2 1 
3
5 1063
2 94 -1 0 -8070
4 2 1 2 120 
4 3 1 2 133 
4 5 1 2 32 
3
5 1064
2 94 -1 0 -8070
4 2 1 2 32 
4 3 1 2 75 
4 5 1 2 188 
4 6 1 2 3 
3
5 1065
2 94 -1 0 -8070
4 2 1 2 0 
4 3 1 2 31 
4 5 1 2 72 
4 1 1 2 1 
3
5 1066
2 94 -1 0 -8070
4 2 1 2 32 
4 3 1 2 71 
4 5 1 2 189 
4 6 1 2 3 
3
5 1067
2 71 -1 0 -8070
4 2 1 2 76 
4 3 1 2 138 
4 5 1 2 0 
4 8 1 2 1 
3
5 1068
2 71 -1 0 -8070
4 2 1 2 24 
4 3 1 2 158 
4 5 1 2 32 
4 1 1 2 1 
4 8 1 2 1 
3
5 1069
2 71 -1 0 -8070
4 2 1 2 132 
4 3 1 2 139 
4 5 1 2 72 
4 1 1 2 1 
4 8 1 2 1 
3
5 1070
2 94 -1 0 -8070
4 2 1 2 4 
4 3 1 2 129 
4 5 1 2 8 
4 1 1 2 11 
3
5 1071
5 -8070
2 2 -1 8071 -1
4 5 1 4 8072 
4 9 1 4 8070 
4 7 1 4 8093 
4 3 1 4 8048 
4 14 1 2 0 
3
2 45 -1 0 -8071
4 2 1 2 0 
4 3 1 2 4 
4 5 1 2 204 
3
5 1073
2 80 -1 0 -8071
4 2 1 2 0 
4 3 1 2 0 
4 5 1 2 0 
4 1 1 2 4 
3
5 1074
2 84 -1 0 -8071
4 2 1 2 68 
4 3 1 2 12 
4 5 1 2 80 
4 6 1 2 6 
4 8 1 2 0 
4 9 1 2 0 
3
5 1075
2 71 -1 0 -8071
4 2 1 2 8 
4 3 1 2 138 
4 5 1 2 8 
4 8 1 2 1 
3
5 1076
2 94 -1 0 -8071
4 2 1 2 104 
4 3 1 2 35 
4 5 1 2 172 
3
5 1077
2 94 -1 0 -8071
4 2 1 2 64 
4 3 1 2 36 
4 5 1 2 188 
4 1 1 2 1 
3
5 1078
2 94 -1 0 -8071
4 2 1 2 32 
4 3 1 2 42 
4 5 1 2 164 
4 1 1 2 1 
3
5 1079
2 94 -1 0 -8071
4 2 1 2 144 
4 3 1 2 133 
4 5 1 2 16 
3
5 1080
2 94 -1 0 -8071
4 2 1 2 108 
4 3 1 2 75 
4 5 1 2 172 
4 6 1 2 3 
3
5 1081
2 94 -1 0 -8071
4 2 1 2 0 
4 3 1 2 31 
4 5 1 2 172 
4 1 1 2 1 
3
5 1082
2 94 -1 0 -8071
4 2 1 2 100 
4 3 1 2 71 
4 5 1 2 173 
4 6 1 2 3 
3
5 1083
5 -8071
2 2 -1 8072 -1
4 5 1 4 8073 
4 9 1 4 8071 
4 7 1 4 8094 
4 3 1 4 8049 
4 14 1 2 0 
3
2 45 -1 0 -8072
4 2 1 2 0 
4 3 1 2 4 
4 5 1 2 204 
3
5 1085
2 80 -1 0 -8072
4 2 1 2 0 
4 3 1 2 0 
4 5 1 2 0 
4 1 1 2 4 
3
5 1086
2 84 -1 0 -8072
4 2 1 2 68 
4 3 1 2 12 
4 5 1 2 104 
4 6 1 2 6 
4 8 1 2 0 
4 9 1 2 0 
3
5 1087
2 94 -1 0 -8072
4 2 1 2 40 
4 3 1 2 129 
4 5 1 2 8 
4 1 1 2 11 
4 6 1 2 2 
3
5 1088
2 94 -1 0 -8072
4 2 1 2 88 
4 3 1 2 132 
4 5 1 2 9 
4 1 1 2 11 
4 6 1 2 2 
3
5 1089
2 94 -1 0 -8072
4 2 1 2 52 
4 3 1 2 134 
4 5 1 2 16 
4 1 1 2 1 
3
5 1090
2 94 -1 0 -8072
4 2 1 2 132 
4 3 1 2 44 
4 5 1 2 228 
4 1 1 2 1 
3
5 1091
2 94 -1 0 -8072
4 2 1 2 92 
4 3 1 2 136 
4 5 1 2 8 
4 1 1 2 11 
4 6 1 2 2 
3
5 1092
2 94 -1 0 -8072
4 2 1 2 44 
4 3 1 2 157 
4 5 1 2 9 
4 1 1 2 11 
4 6 1 2 2 
3
5 1093
2 94 -1 0 -8072
4 2 1 2 8 
4 3 1 2 100 
4 5 1 2 140 
4 1 1 2 9 
3
5 1094
2 17 -1 0 -8072
4 2 1 2 76 
4 3 1 2 34 
4 5 1 2 196 
4 1 1 2 1 
3
5 1095
2 17 -1 0 -8072
4 2 1 2 108 
4 3 1 2 32 
4 5 1 2 16 
4 1 1 2 1 
3
5 1096
2 71 -1 0 -8072
4 2 1 2 84 
4 3 1 2 158 
4 5 1 2 32 
4 1 1 2 1 
4 8 1 2 1 
3
5 1097
2 71 -1 0 -8072
4 2 1 2 132 
4 3 1 2 139 
4 5 1 2 72 
4 1 1 2 1 
4 8 1 2 1 
3
5 1098
2 94 -1 0 -8072
4 2 1 2 4 
4 3 1 2 129 
4 5 1 2 8 
4 1 1 2 11 
3
5 1099
5 -8072
2 2 -1 8073 -1
4 9 1 4 8072 
4 14 1 2 0 
3
2 97 -1 0 -8073
4 2 1 2 0 
4 3 1 2 0 
4 5 1 2 204 
4 1 1 2 6 
3
5 1101
2 79 -1 0 -8073
4 2 1 2 8 
4 3 1 2 80 
4 5 1 2 188 
4 1 1 2 6 
4 6 1 2 2 
4 8 1 2 83 
4 9 1 2 101 
4 10 1 2 97 
4 11 1 2 116 
4 12 1 2 128 
4 13 1 2 121 
4 14 1 2 111 
4 15 1 2 117 
4 16 1 2 114 
4 17 1 2 115 
4 18 1 2 101 
4 19 1 2 108 
4 20 1 2 102 
4 21 1 2 134 
4 22 1 2 139 
4 23 1 2 128 
4 24 1 2 87 
4 25 1 2 97 
4 26 1 2 105 
4 27 1 2 116 
4 28 1 2 101 
4 29 1 2 114 
4 30 1 2 32 
4 31 1 2 119 
4 32 1 2 105 
4 33 1 2 108 
4 34 1 2 108 
4 35 1 2 134 
4 36 1 2 32 
4 37 1 2 128 
4 38 1 2 115 
4 39 1 2 101 
4 40 1 2 114 
4 41 1 2 118 
4 42 1 2 101 
4 43 1 2 32 
4 44 1 2 121 
4 45 1 2 111 
4 46 1 2 117 
4 47 1 2 32 
3
5 1102
2 43 -1 0 -8073
4 2 1 2 32 
4 3 1 2 147 
4 5 1 2 0 
4 6 1 2 1 
4 8 1 2 0 
4 9 1 2 0 
4 10 1 2 0 
4 11 1 2 249 
4 12 1 2 227 
4 13 1 2 254 
4 14 1 2 0 
4 15 1 2 0 
4 16 1 2 0 
4 17 1 2 0 
4 18 1 2 0 
4 19 1 2 0 
4 20 1 2 0 
4 21 1 2 0 
4 22 1 2 0 
3
2 94 -1 0 1103
4 2 1 2 1 
4 3 1 2 1 
4 5 1 2 0 
4 1 1 2 10 
4 6 1 2 1 
3
5 1104
2 68 -1 0 1103
4 2 1 2 0 
4 3 1 2 0 
4 5 1 2 80 
4 6 1 2 1 
3
5 1105
5 1103
2 93 -1 0 -8073
4 2 1 2 24 
4 3 1 2 0 
4 5 1 2 148 
4 8 1 2 2 
4 9 1 2 232 
4 10 1 2 136 
4 11 1 2 232 
4 12 1 2 136 
4 13 1 2 31 
4 14 1 2 3 
4 15 1 2 7 
4 16 1 2 101 
4 17 1 2 101 
4 18 1 2 101 
4 19 1 2 101 
4 20 1 2 149 
4 21 1 2 90 
4 22 1 2 149 
4 23 1 2 90 
4 24 1 2 101 
4 25 1 2 101 
4 26 1 2 101 
4 27 1 2 101 
4 28 1 2 90 
4 29 1 2 149 
4 30 1 2 90 
4 31 1 2 149 
4 32 1 2 101 
4 33 1 2 101 
4 34 1 2 101 
4 35 1 2 101 
4 36 1 2 149 
4 37 1 2 90 
4 38 1 2 149 
4 39 1 2 90 
4 40 1 2 101 
4 41 1 2 101 
4 42 1 2 101 
4 43 1 2 101 
4 44 1 2 90 
4 45 1 2 149 
4 46 1 2 90 
4 47 1 2 149 
3
5 1106
2 43 -1 0 -8073
4 2 1 2 108 
4 3 1 2 138 
4 5 1 2 0 
4 6 1 2 1 
4 8 1 2 0 
4 9 1 2 0 
4 10 1 2 0 
4 11 1 2 250 
4 12 1 2 226 
4 13 1 2 255 
4 14 1 2 0 
4 15 1 2 0 
4 16 1 2 0 
4 17 1 2 0 
4 18 1 2 0 
4 19 1 2 0 
4 20 1 2 0 
4 21 1 2 0 
4 22 1 2 0 
3
2 68 -1 0 1107
4 2 1 2 0 
4 3 1 2 0 
4 5 1 2 80 
4 6 1 2 1 
3
5 1108
2 94 -1 0 1107
4 2 1 2 1 
4 3 1 2 1 
4 5 1 2 0 
4 1 1 2 10 
4 6 1 2 1 
3
5 1109
5 1107
2 18 -1 0 -8073
4 2 1 2 0 
4 3 1 2 145 
4 5 1 2 40 
4 1 1 2 1 
3
5 1110
2 18 -1 0 -8073
4 2 1 2 56 
4 3 1 2 145 
4 5 1 2 41 
4 1 1 2 1 
3
5 1111
2 18 -1 0 -8073
4 2 1 2 80 
4 3 1 2 135 
4 5 1 2 16 
4 1 1 2 1 
3
5 1112
2 18 -1 0 -8073
4 2 1 2 136 
4 3 1 2 135 
4 5 1 2 17 
4 1 1 2 1 
3
5 1113
5 -8073
2 2 -1 8074 -1
4 5 1 4 8075 
4 7 1 4 8075 
4 3 1 4 8050 
4 14 1 2 0 
3
2 45 -1 0 -8074
4 2 1 2 0 
4 3 1 2 4 
4 5 1 2 204 
3
5 1115
2 80 -1 0 -8074
4 2 1 2 0 
4 3 1 2 0 
4 5 1 2 0 
4 1 1 2 4 
3
5 1116
2 71 -1 0 -8074
4 2 1 2 96 
4 3 1 2 148 
4 5 1 2 32 
4 8 1 2 1 
3
5 1117
2 71 -1 0 -8074
4 2 1 2 32 
4 3 1 2 138 
4 5 1 2 32 
4 8 1 2 1 
3
5 1118
2 94 -1 0 -8074
4 2 1 2 104 
4 3 1 2 35 
4 5 1 2 172 
3
5 1119
2 94 -1 0 -8074
4 2 1 2 64 
4 3 1 2 144 
4 5 1 2 140 
4 1 1 2 1 
3
5 1120
2 94 -1 0 -8074
4 2 1 2 32 
4 3 1 2 32 
4 5 1 2 164 
4 1 1 2 1 
3
5 1121
2 94 -1 0 -8074
4 2 1 2 144 
4 3 1 2 33 
4 5 1 2 16 
3
5 1122
2 94 -1 0 -8074
4 2 1 2 108 
4 3 1 2 75 
4 5 1 2 172 
4 6 1 2 3 
3
5 1123
2 94 -1 0 -8074
4 2 1 2 0 
4 3 1 2 31 
4 5 1 2 172 
4 1 1 2 1 
3
5 1124
2 94 -1 0 -8074
4 2 1 2 100 
4 3 1 2 71 
4 5 1 2 173 
4 6 1 2 3 
3
5 1125
2 71 -1 0 -8074
4 2 1 2 100 
4 3 1 2 146 
4 5 1 2 32 
4 8 1 2 1 
3
5 1126
2 94 -1 0 -8074
4 2 1 2 96 
4 3 1 2 138 
4 5 1 2 1 
4 1 1 2 7 
3
5 1127
2 94 -1 0 -8074
4 2 1 2 48 
4 3 1 2 148 
4 5 1 2 16 
4 1 1 2 1 
3
5 1128
5 -8074
2 2 -1 8075 -1
4 5 1 4 8076 
4 9 1 4 8074 
4 7 1 4 8074 
4 3 1 4 8051 
4 14 1 2 0 
3
2 45 -1 0 -8075
4 2 1 2 0 
4 3 1 2 4 
4 5 1 2 204 
3
5 1130
2 80 -1 0 -8075
4 2 1 2 0 
4 3 1 2 0 
4 5 1 2 0 
4 1 1 2 4 
3
5 1131
2 94 -1 0 -8075
4 2 1 2 92 
4 3 1 2 33 
4 5 1 2 236 
4 6 1 2 1 
3
5 1132
2 71 -1 0 -8075
4 2 1 2 8 
4 3 1 2 138 
4 5 1 2 32 
4 8 1 2 1 
3
5 1133
2 94 -1 0 -8075
4 2 1 2 40 
4 3 1 2 35 
4 5 1 2 172 
3
5 1134
2 94 -1 0 -8075
4 2 1 2 88 
4 3 1 2 57 
4 5 1 2 236 
4 6 1 2 3 
3
5 1135
2 94 -1 0 -8075
4 2 1 2 92 
4 3 1 2 57 
4 5 1 2 237 
4 6 1 2 3 
3
5 1136
2 94 -1 0 -8075
4 2 1 2 128 
4 3 1 2 33 
4 5 1 2 236 
3
5 1137
2 94 -1 0 -8075
4 2 1 2 44 
4 3 1 2 75 
4 5 1 2 172 
4 6 1 2 3 
3
5 1138
2 94 -1 0 -8075
4 2 1 2 108 
4 3 1 2 141 
4 5 1 2 16 
3
5 1139
2 94 -1 0 -8075
4 2 1 2 36 
4 3 1 2 71 
4 5 1 2 173 
4 6 1 2 3 
3
5 1140
2 17 -1 0 -8075
4 2 1 2 24 
4 3 1 2 138 
4 5 1 2 32 
3
5 1141
2 17 -1 0 -8075
4 2 1 2 44 
4 3 1 2 136 
4 5 1 2 56 
3
5 1142
2 17 -1 0 -8075
4 2 1 2 132 
4 3 1 2 146 
4 5 1 2 64 
3
5 1143
2 67 -1 0 -8075
4 2 1 2 4 
4 3 1 2 148 
4 5 1 2 32 
4 1 1 2 2 
4 8 1 2 1 
3
5 1144
2 67 -1 0 -8075
4 2 1 2 64 
4 3 1 2 141 
4 5 1 2 32 
4 1 1 2 2 
4 8 1 2 1 
3
5 1145
2 67 -1 0 -8075
4 2 1 2 100 
4 3 1 2 135 
4 5 1 2 33 
4 1 1 2 2 
4 8 1 2 1 
3
5 1146
5 -8075
2 2 -1 8076 -1
4 5 1 4 8077 
4 9 1 4 8075 
4 7 1 4 8077 
4 3 1 4 8052 
4 14 1 2 0 
3
2 45 -1 0 -8076
4 2 1 2 0 
4 3 1 2 4 
4 5 1 2 204 
3
5 1148
2 80 -1 0 -8076
4 2 1 2 0 
4 3 1 2 0 
4 5 1 2 0 
4 1 1 2 4 
3
5 1149
2 94 -1 0 -8076
4 2 1 2 88 
4 3 1 2 33 
4 5 1 2 236 
4 6 1 2 1 
3
5 1150
2 71 -1 0 -8076
4 2 1 2 8 
4 3 1 2 138 
4 5 1 2 32 
4 8 1 2 1 
3
5 1151
2 94 -1 0 -8076
4 2 1 2 40 
4 3 1 2 35 
4 5 1 2 172 
3
5 1152
2 94 -1 0 -8076
4 2 1 2 88 
4 3 1 2 57 
4 5 1 2 188 
4 6 1 2 3 
3
5 1153
2 94 -1 0 -8076
4 2 1 2 84 
4 3 1 2 57 
4 5 1 2 189 
4 6 1 2 3 
3
5 1154
2 94 -1 0 -8076
4 2 1 2 128 
4 3 1 2 33 
4 5 1 2 220 
4 6 1 2 1 
3
5 1155
2 94 -1 0 -8076
4 2 1 2 44 
4 3 1 2 75 
4 5 1 2 172 
4 6 1 2 3 
3
5 1156
2 94 -1 0 -8076
4 2 1 2 20 
4 3 1 2 141 
4 5 1 2 16 
3
5 1157
2 94 -1 0 -8076
4 2 1 2 36 
4 3 1 2 71 
4 5 1 2 173 
4 6 1 2 3 
3
5 1158
2 17 -1 0 -8076
4 2 1 2 44 
4 3 1 2 138 
4 5 1 2 40 
3
5 1159
2 17 -1 0 -8076
4 2 1 2 68 
4 3 1 2 136 
4 5 1 2 64 
3
5 1160
2 17 -1 0 -8076
4 2 1 2 136 
4 3 1 2 146 
4 5 1 2 80 
3
5 1161
2 67 -1 0 -8076
4 2 1 2 4 
4 3 1 2 148 
4 5 1 2 32 
4 1 1 2 2 
4 8 1 2 1 
3
5 1162
2 67 -1 0 -8076
4 2 1 2 80 
4 3 1 2 145 
4 5 1 2 32 
4 1 1 2 2 
4 8 1 2 1 
3
5 1163
2 67 -1 0 -8076
4 2 1 2 100 
4 3 1 2 135 
4 5 1 2 33 
4 1 1 2 2 
4 8 1 2 1 
3
5 1164
2 94 -1 0 -8076
4 2 1 2 128 
4 3 1 2 65 
4 5 1 2 220 
4 6 1 2 3 
3
5 1165
2 94 -1 0 -8076
4 2 1 2 128 
4 3 1 2 66 
4 5 1 2 221 
4 6 1 2 3 
3
5 1166
2 17 -1 0 -8076
4 2 1 2 104 
4 3 1 2 138 
4 5 1 2 9 
4 1 1 2 4 
3
5 1167
5 -8076
2 2 -1 8077 -1
4 5 1 4 8078 
4 9 1 4 8076 
4 7 1 4 8076 
4 3 1 4 8053 
4 14 1 2 0 
3
2 45 -1 0 -8077
4 2 1 2 0 
4 3 1 2 4 
4 5 1 2 204 
3
5 1169
2 80 -1 0 -8077
4 2 1 2 0 
4 3 1 2 0 
4 5 1 2 0 
4 1 1 2 4 
3
5 1170
2 94 -1 0 -8077
4 2 1 2 16 
4 3 1 2 148 
4 5 1 2 252 
4 1 1 2 6 
3
5 1171
2 71 -1 0 -8077
4 2 1 2 52 
4 3 1 2 138 
4 5 1 2 32 
4 8 1 2 1 
3
5 1172
2 94 -1 0 -8077
4 2 1 2 64 
4 3 1 2 33 
4 5 1 2 252 
4 1 1 2 6 
4 6 1 2 1 
3
5 1173
2 94 -1 0 -8077
4 2 1 2 56 
4 3 1 2 62 
4 5 1 2 244 
4 1 1 2 6 
4 6 1 2 2 
3
5 1174
2 94 -1 0 -8077
4 2 1 2 84 
4 3 1 2 23 
4 5 1 2 56 
4 1 1 2 6 
3
5 1175
2 80 -1 0 -8077
4 2 1 2 108 
4 3 1 2 90 
4 5 1 2 140 
4 1 1 2 11 
3
5 1176
2 17 -1 0 -8077
4 2 1 2 112 
4 3 1 2 138 
4 5 1 2 9 
4 1 1 2 4 
4 6 1 2 2 
3
5 1177
2 17 -1 0 -8077
4 2 1 2 40 
4 3 1 2 147 
4 5 1 2 56 
3
5 1178
2 17 -1 0 -8077
4 2 1 2 124 
4 3 1 2 133 
4 5 1 2 80 
3
5 1179
2 67 -1 0 -8077
4 2 1 2 60 
4 3 1 2 148 
4 5 1 2 32 
4 1 1 2 2 
4 8 1 2 1 
3
5 1180
2 67 -1 0 -8077
4 2 1 2 72 
4 3 1 2 135 
4 5 1 2 33 
4 1 1 2 2 
4 8 1 2 1 
3
5 1181
2 17 -1 0 -8077
4 2 1 2 128 
4 3 1 2 138 
4 5 1 2 9 
4 1 1 2 4 
3
5 1182
5 -8077
2 2 -1 8078 -1
4 5 1 4 8079 
4 9 1 4 8078 
4 7 1 4 8079 
4 3 1 4 8054 
4 14 1 2 0 
3
2 45 -1 0 -8078
4 2 1 2 0 
4 3 1 2 4 
4 5 1 2 204 
3
5 1184
2 80 -1 0 -8078
4 2 1 2 0 
4 3 1 2 0 
4 5 1 2 0 
4 1 1 2 4 
3
5 1185
2 94 -1 0 -8078
4 2 1 2 92 
4 3 1 2 56 
4 5 1 2 172 
4 1 1 2 1 
4 6 1 2 2 
3
5 1186
2 67 -1 0 -8078
4 2 1 2 24 
4 3 1 2 50 
4 5 1 2 196 
4 8 1 2 1 
3
5 1187
2 67 -1 0 -8078
4 2 1 2 96 
4 3 1 2 144 
4 5 1 2 32 
4 1 1 2 1 
4 8 1 2 1 
3
5 1188
2 67 -1 0 -8078
4 2 1 2 40 
4 3 1 2 48 
4 5 1 2 196 
4 8 1 2 1 
3
5 1189
2 67 -1 0 -8078
4 2 1 2 32 
4 3 1 2 48 
4 5 1 2 196 
4 8 1 2 1 
3
5 1190
2 67 -1 0 -8078
4 2 1 2 48 
4 3 1 2 46 
4 5 1 2 16 
4 8 1 2 1 
3
5 1191
2 94 -1 0 -8078
4 2 1 2 92 
4 3 1 2 40 
4 5 1 2 172 
4 1 1 2 1 
4 6 1 2 1 
3
5 1192
2 94 -1 0 -8078
4 2 1 2 0 
4 3 1 2 40 
4 5 1 2 188 
4 1 1 2 1 
3
5 1193
2 67 -1 0 -8078
4 2 1 2 36 
4 3 1 2 170 
4 5 1 2 16 
4 8 1 2 1 
3
5 1194
2 17 -1 0 -8078
4 2 1 2 12 
4 3 1 2 152 
4 5 1 2 32 
3
5 1195
2 67 -1 0 -8078
4 2 1 2 32 
4 3 1 2 138 
4 5 1 2 32 
4 1 1 2 1 
4 8 1 2 1 
3
5 1196
2 17 -1 0 -8078
4 2 1 2 132 
4 3 1 2 142 
4 5 1 2 40 
3
5 1197
2 67 -1 0 -8078
4 2 1 2 88 
4 3 1 2 128 
4 5 1 2 32 
4 1 1 2 1 
4 8 1 2 1 
3
5 1198
2 68 -1 0 -8078
4 2 1 2 24 
4 3 1 2 20 
4 5 1 2 0 
4 6 1 2 1 
3
5 1199
2 68 -1 0 -8078
4 2 1 2 24 
4 3 1 2 27 
4 5 1 2 0 
4 6 1 2 1 
3
5 1200
2 68 -1 0 -8078
4 2 1 2 48 
4 3 1 2 27 
4 5 1 2 0 
3
5 1201
2 68 -1 0 -8078
4 2 1 2 44 
4 3 1 2 21 
4 5 1 2 0 
4 6 1 2 1 
3
5 1202
5 -8078
2 2 -1 8079 -1
4 5 1 4 8080 
4 9 1 4 8078 
4 7 1 4 8078 
4 3 1 4 8055 
4 14 1 2 0 
3
2 45 -1 0 -8079
4 2 1 2 0 
4 3 1 2 4 
4 5 1 2 204 
3
5 1204
2 80 -1 0 -8079
4 2 1 2 0 
4 3 1 2 0 
4 5 1 2 0 
4 1 1 2 4 
3
5 1205
2 94 -1 0 -8079
4 2 1 2 32 
4 3 1 2 129 
4 5 1 2 16 
4 1 1 2 11 
4 6 1 2 2 
3
5 1206
2 94 -1 0 -8079
4 2 1 2 52 
4 3 1 2 136 
4 5 1 2 32 
4 1 1 2 10 
3
5 1207
2 94 -1 0 -8079
4 2 1 2 32 
4 3 1 2 35 
4 5 1 2 172 
3
5 1208
2 94 -1 0 -8079
4 2 1 2 84 
4 3 1 2 40 
4 5 1 2 172 
4 1 1 2 10 
3
5 1209
2 94 -1 0 -8079
4 2 1 2 124 
4 3 1 2 44 
4 5 1 2 228 
4 1 1 2 1 
3
5 1210
2 94 -1 0 -8079
4 2 1 2 120 
4 3 1 2 133 
4 5 1 2 56 
3
5 1211
2 94 -1 0 -8079
4 2 1 2 32 
4 3 1 2 75 
4 5 1 2 188 
4 6 1 2 3 
3
5 1212
2 94 -1 0 -8079
4 2 1 2 0 
4 3 1 2 33 
4 5 1 2 72 
4 1 1 2 1 
3
5 1213
2 94 -1 0 -8079
4 2 1 2 32 
4 3 1 2 71 
4 5 1 2 189 
4 6 1 2 3 
3
5 1214
2 17 -1 0 -8079
4 2 1 2 16 
4 3 1 2 133 
4 5 1 2 40 
4 1 1 2 1 
3
5 1215
2 71 -1 0 -8079
4 2 1 2 100 
4 3 1 2 139 
4 5 1 2 88 
4 1 1 2 1 
4 8 1 2 1 
3
5 1216
2 94 -1 0 -8079
4 2 1 2 80 
4 3 1 2 129 
4 5 1 2 17 
4 1 1 2 11 
4 6 1 2 2 
3
5 1217
5 -8079
2 2 -1 8080 -1
4 5 1 4 8081 
4 9 1 4 8079 
4 7 1 4 8095 
4 3 1 4 8056 
4 14 1 2 0 
3
2 45 -1 0 -8080
4 2 1 2 0 
4 3 1 2 4 
4 5 1 2 204 
3
5 1219
2 80 -1 0 -8080
4 2 1 2 0 
4 3 1 2 0 
4 5 1 2 0 
4 1 1 2 4 
3
5 1220
2 45 -1 0 -8080
4 2 1 2 64 
4 3 1 2 4 
4 5 1 2 172 
3
5 1221
2 77 -1 0 -8080
4 2 1 2 108 
4 3 1 2 141 
4 5 1 2 16 
4 1 1 2 5 
4 6 1 2 7 
4 8 1 2 75 
4 9 1 2 69 
4 10 1 2 69 
4 11 1 2 80 
4 12 1 2 32 
4 13 1 2 79 
4 14 1 2 70 
4 15 1 2 70 
4 16 1 2 32 
4 17 1 2 32 
3
5 1222
2 41 -1 0 -8080
4 2 1 2 44 
4 3 1 2 144 
4 5 1 2 220 
4 8 1 2 3 
4 9 1 2 0 
4 10 1 2 0 
3
5 1223
5 -8080
2 2 -1 8081 -1
4 5 1 4 8081 
4 9 1 4 8080 
4 7 1 4 8096 
4 3 1 4 8081 
4 14 1 2 0 
3
2 45 -1 0 -8081
4 2 1 2 0 
4 3 1 2 4 
4 5 1 2 204 
3
5 1225
2 80 -1 0 -8081
4 2 1 2 0 
4 3 1 2 0 
4 5 1 2 0 
4 1 1 2 4 
3
5 1226
2 43 -1 0 -8081
4 2 1 2 112 
4 3 1 2 131 
4 5 1 2 0 
4 6 1 2 1 
4 8 1 2 0 
4 9 1 2 0 
4 10 1 2 0 
4 11 1 2 253 
4 12 1 2 244 
4 13 1 2 255 
4 14 1 2 244 
4 15 1 2 254 
4 16 1 2 0 
4 17 1 2 0 
4 18 1 2 0 
4 19 1 2 0 
4 20 1 2 0 
4 21 1 2 0 
4 22 1 2 0 
3
2 94 -1 0 1227
4 2 1 2 0 
4 3 1 2 0 
4 5 1 2 16 
4 1 1 2 1 
4 6 1 2 3 
3
5 1228
2 94 -1 0 1227
4 2 1 2 1 
4 3 1 2 1 
4 5 1 2 16 
4 1 1 2 1 
4 6 1 2 4 
3
5 1229
2 94 -1 0 1227
4 2 1 2 2 
4 3 1 2 2 
4 5 1 2 16 
4 1 1 2 1 
3
5 1230
5 1227
2 94 -1 0 -8081
4 2 1 2 52 
4 3 1 2 40 
4 5 1 2 172 
4 1 1 2 1 
3
5 1231
2 94 -1 0 -8081
4 2 1 2 24 
4 3 1 2 42 
4 5 1 2 56 
4 1 1 2 1 
3
5 1232
2 94 -1 0 -8081
4 2 1 2 128 
4 3 1 2 42 
4 5 1 2 188 
4 1 1 2 1 
3
5 1233
2 94 -1 0 -8081
4 2 1 2 72 
4 3 1 2 34 
4 5 1 2 32 
4 1 1 2 1 
3
5 1234
2 94 -1 0 -8081
4 2 1 2 0 
4 3 1 2 40 
4 5 1 2 8 
4 1 1 2 1 
3
5 1235
2 94 -1 0 -8081
4 2 1 2 16 
4 3 1 2 133 
4 5 1 2 188 
4 1 1 2 1 
3
5 1236
2 17 -1 0 -8081
4 2 1 2 32 
4 3 1 2 158 
4 5 1 2 32 
3
5 1237
2 94 -1 0 -8081
4 2 1 2 100 
4 3 1 2 42 
4 5 1 2 72 
4 1 1 2 1 
3
5 1238
5 -8081
2 2 -1 8082 -1
4 5 1 4 8083 
4 9 1 4 8059 
4 7 1 4 8083 
4 3 1 4 8060 
4 14 1 2 0 
3
2 17 -1 0 -8082
4 2 1 2 8 
4 3 1 2 130 
4 5 1 2 16 
4 1 1 2 4 
3
5 1240
2 97 -1 0 -8082
4 2 1 2 0 
4 3 1 2 0 
4 5 1 2 0 
4 1 1 2 4 
3
5 1241
2 45 -1 0 -8082
4 2 1 2 0 
4 3 1 2 4 
4 5 1 2 204 
3
5 1242
2 17 -1 0 -8082
4 2 1 2 36 
4 3 1 2 131 
4 5 1 2 16 
4 1 1 2 4 
4 6 1 2 2 
3
5 1243
2 94 -1 0 -8082
4 2 1 2 16 
4 3 1 2 34 
4 5 1 2 220 
3
5 1244
2 94 -1 0 -8082
4 2 1 2 60 
4 3 1 2 36 
4 5 1 2 228 
3
5 1245
2 94 -1 0 -8082
4 2 1 2 64 
4 3 1 2 68 
4 5 1 2 228 
4 6 1 2 3 
3
5 1246
2 94 -1 0 -8082
4 2 1 2 56 
4 3 1 2 66 
4 5 1 2 229 
4 6 1 2 3 
3
5 1247
2 94 -1 0 -8082
4 2 1 2 104 
4 3 1 2 141 
4 5 1 2 172 
4 1 1 2 10 
3
5 1248
2 17 -1 0 -8082
4 2 1 2 108 
4 3 1 2 142 
4 5 1 2 17 
4 1 1 2 4 
3
5 1249
2 17 -1 0 -8082
4 2 1 2 84 
4 3 1 2 142 
4 5 1 2 16 
4 1 1 2 4 
4 6 1 2 1 
3
5 1250
2 80 -1 0 -8082
4 2 1 2 140 
4 3 1 2 100 
4 5 1 2 140 
4 1 1 2 11 
3
5 1251
2 94 -1 0 -8082
4 2 1 2 112 
4 3 1 2 30 
4 5 1 2 16 
4 1 1 2 1 
3
5 1252
5 -8082
2 2 -1 8083 -1
4 5 1 4 8084 
4 9 1 4 8082 
4 7 1 4 8082 
4 3 1 4 8061 
4 14 1 2 0 
3
2 45 -1 0 -8083
4 2 1 2 0 
4 3 1 2 4 
4 5 1 2 204 
3
5 1254
2 80 -1 0 -8083
4 2 1 2 0 
4 3 1 2 0 
4 5 1 2 0 
4 1 1 2 4 
3
5 1255
2 94 -1 0 -8083
4 2 1 2 92 
4 3 1 2 33 
4 5 1 2 236 
4 6 1 2 1 
3
5 1256
2 71 -1 0 -8083
4 2 1 2 8 
4 3 1 2 138 
4 5 1 2 32 
4 8 1 2 1 
3
5 1257
2 94 -1 0 -8083
4 2 1 2 40 
4 3 1 2 35 
4 5 1 2 172 
3
5 1258
2 94 -1 0 -8083
4 2 1 2 88 
4 3 1 2 57 
4 5 1 2 236 
4 6 1 2 3 
3
5 1259
2 94 -1 0 -8083
4 2 1 2 92 
4 3 1 2 57 
4 5 1 2 237 
4 6 1 2 3 
3
5 1260
2 94 -1 0 -8083
4 2 1 2 128 
4 3 1 2 33 
4 5 1 2 236 
3
5 1261
2 94 -1 0 -8083
4 2 1 2 44 
4 3 1 2 75 
4 5 1 2 172 
4 6 1 2 3 
3
5 1262
2 94 -1 0 -8083
4 2 1 2 108 
4 3 1 2 141 
4 5 1 2 16 
3
5 1263
2 94 -1 0 -8083
4 2 1 2 36 
4 3 1 2 71 
4 5 1 2 173 
4 6 1 2 3 
3
5 1264
2 17 -1 0 -8083
4 2 1 2 24 
4 3 1 2 138 
4 5 1 2 32 
3
5 1265
2 17 -1 0 -8083
4 2 1 2 44 
4 3 1 2 136 
4 5 1 2 56 
3
5 1266
2 17 -1 0 -8083
4 2 1 2 132 
4 3 1 2 146 
4 5 1 2 64 
3
5 1267
2 67 -1 0 -8083
4 2 1 2 4 
4 3 1 2 148 
4 5 1 2 32 
4 1 1 2 2 
4 8 1 2 1 
3
5 1268
2 67 -1 0 -8083
4 2 1 2 64 
4 3 1 2 141 
4 5 1 2 32 
4 1 1 2 2 
4 8 1 2 1 
3
5 1269
2 67 -1 0 -8083
4 2 1 2 100 
4 3 1 2 135 
4 5 1 2 33 
4 1 1 2 2 
4 8 1 2 1 
3
5 1270
5 -8083
2 2 -1 8084 -1
4 5 1 4 8085 
4 9 1 4 8082 
4 7 1 4 8082 
4 3 1 4 8062 
4 14 1 2 0 
3
2 45 -1 0 -8084
4 2 1 2 0 
4 3 1 2 4 
4 5 1 2 204 
3
5 1272
2 80 -1 0 -8084
4 2 1 2 0 
4 3 1 2 0 
4 5 1 2 0 
4 1 1 2 4 
3
5 1273
2 94 -1 0 -8084
4 2 1 2 64 
4 3 1 2 33 
4 5 1 2 188 
4 1 1 2 1 
4 6 1 2 1 
3
5 1274
2 94 -1 0 -8084
4 2 1 2 64 
4 3 1 2 53 
4 5 1 2 188 
4 1 1 2 1 
4 6 1 2 2 
3
5 1275
2 94 -1 0 -8084
4 2 1 2 100 
4 3 1 2 133 
4 5 1 2 156 
4 1 1 2 1 
3
5 1276
2 94 -1 0 -8084
4 2 1 2 8 
4 3 1 2 39 
4 5 1 2 172 
4 1 1 2 1 
4 6 1 2 1 
3
5 1277
2 94 -1 0 -8084
4 2 1 2 24 
4 3 1 2 42 
4 5 1 2 172 
4 1 1 2 1 
3
5 1278
2 94 -1 0 -8084
4 2 1 2 132 
4 3 1 2 41 
4 5 1 2 172 
4 1 1 2 1 
3
5 1279
2 94 -1 0 -8084
4 2 1 2 8 
4 3 1 2 61 
4 5 1 2 172 
4 1 1 2 1 
4 6 1 2 2 
3
5 1280
2 17 -1 0 -8084
4 2 1 2 120 
4 3 1 2 148 
4 5 1 2 64 
3
5 1281
2 17 -1 0 -8084
4 2 1 2 88 
4 3 1 2 156 
4 5 1 2 64 
3
5 1282
2 17 -1 0 -8084
4 2 1 2 20 
4 3 1 2 145 
4 5 1 2 80 
3
5 1283
5 -8084
2 2 -1 8085 -1
4 5 1 4 8085 
4 9 1 4 8084 
4 7 1 4 8084 
4 3 1 4 8063 
4 14 1 2 0 
3
2 45 -1 0 -8085
4 2 1 2 0 
4 3 1 2 4 
4 5 1 2 204 
3
5 1285
2 80 -1 0 -8085
4 2 1 2 0 
4 3 1 2 0 
4 5 1 2 0 
4 1 1 2 4 
3
5 1286
2 94 -1 0 -8085
4 2 1 2 16 
4 3 1 2 148 
4 5 1 2 252 
4 1 1 2 6 
3
5 1287
2 71 -1 0 -8085
4 2 1 2 52 
4 3 1 2 138 
4 5 1 2 32 
4 8 1 2 1 
3
5 1288
2 94 -1 0 -8085
4 2 1 2 64 
4 3 1 2 33 
4 5 1 2 252 
4 1 1 2 6 
4 6 1 2 1 
3
5 1289
2 94 -1 0 -8085
4 2 1 2 56 
4 3 1 2 62 
4 5 1 2 236 
4 1 1 2 6 
4 6 1 2 2 
3
5 1290
2 94 -1 0 -8085
4 2 1 2 92 
4 3 1 2 23 
4 5 1 2 64 
4 1 1 2 6 
3
5 1291
2 80 -1 0 -8085
4 2 1 2 120 
4 3 1 2 90 
4 5 1 2 140 
4 1 1 2 11 
3
5 1292
2 17 -1 0 -8085
4 2 1 2 112 
4 3 1 2 138 
4 5 1 2 9 
4 1 1 2 4 
4 6 1 2 2 
3
5 1293
2 17 -1 0 -8085
4 2 1 2 40 
4 3 1 2 147 
4 5 1 2 56 
3
5 1294
2 17 -1 0 -8085
4 2 1 2 124 
4 3 1 2 133 
4 5 1 2 96 
3
5 1295
2 67 -1 0 -8085
4 2 1 2 60 
4 3 1 2 148 
4 5 1 2 32 
4 1 1 2 2 
4 8 1 2 1 
3
5 1296
2 67 -1 0 -8085
4 2 1 2 72 
4 3 1 2 135 
4 5 1 2 33 
4 1 1 2 2 
4 8 1 2 1 
3
5 1297
2 17 -1 0 -8085
4 2 1 2 128 
4 3 1 2 138 
4 5 1 2 9 
4 1 1 2 4 
3
5 1298
5 -8085
2 2 -1 8086 -1
4 5 1 4 8087 
4 9 1 4 8100 
4 7 1 4 8097 
4 3 1 4 8064 
4 14 1 2 0 
3
2 45 -1 0 -8086
4 2 1 2 0 
4 3 1 2 4 
4 5 1 2 204 
3
5 1300
2 80 -1 0 -8086
4 2 1 2 0 
4 3 1 2 0 
4 5 1 2 0 
4 1 1 2 4 
3
5 1301
2 94 -1 0 -8086
4 2 1 2 136 
4 3 1 2 58 
4 5 1 2 172 
4 1 1 2 1 
4 6 1 2 2 
3
5 1302
2 67 -1 0 -8086
4 2 1 2 80 
4 3 1 2 154 
4 5 1 2 16 
4 8 1 2 1 
3
5 1303
2 94 -1 0 -8086
4 2 1 2 136 
4 3 1 2 40 
4 5 1 2 172 
4 1 1 2 1 
4 6 1 2 1 
3
5 1304
2 67 -1 0 -8086
4 2 1 2 40 
4 3 1 2 48 
4 5 1 2 196 
4 8 1 2 1 
3
5 1305
2 67 -1 0 -8086
4 2 1 2 32 
4 3 1 2 48 
4 5 1 2 196 
4 8 1 2 1 
3
5 1306
2 67 -1 0 -8086
4 2 1 2 60 
4 3 1 2 46 
4 5 1 2 16 
4 8 1 2 1 
3
5 1307
2 94 -1 0 -8086
4 2 1 2 92 
4 3 1 2 38 
4 5 1 2 172 
4 1 1 2 1 
3
5 1308
2 94 -1 0 -8086
4 2 1 2 0 
4 3 1 2 40 
4 5 1 2 236 
4 1 1 2 1 
3
5 1309
2 67 -1 0 -8086
4 2 1 2 68 
4 3 1 2 170 
4 5 1 2 16 
4 8 1 2 1 
3
5 1310
2 67 -1 0 -8086
4 2 1 2 36 
4 3 1 2 143 
4 5 1 2 32 
4 1 1 2 1 
4 8 1 2 1 
3
5 1311
2 67 -1 0 -8086
4 2 1 2 116 
4 3 1 2 163 
4 5 1 2 16 
4 8 1 2 1 
3
5 1312
2 67 -1 0 -8086
4 2 1 2 52 
4 3 1 2 128 
4 5 1 2 32 
4 1 1 2 1 
4 8 1 2 1 
3
5 1313
2 71 -1 0 -8086
4 2 1 2 112 
4 3 1 2 154 
4 5 1 2 32 
4 8 1 2 1 
3
5 1314
2 94 -1 0 -8086
4 2 1 2 88 
4 3 1 2 54 
4 5 1 2 172 
4 1 1 2 1 
4 6 1 2 3 
3
5 1315
2 94 -1 0 -8086
4 2 1 2 100 
4 3 1 2 54 
4 5 1 2 173 
4 1 1 2 1 
4 6 1 2 3 
3
5 1316
5 -8086
2 2 -1 8087 -1
4 5 1 4 8088 
4 9 1 4 8086 
4 7 1 4 8100 
4 3 1 4 8065 
4 14 1 2 0 
3
2 45 -1 0 -8087
4 2 1 2 0 
4 3 1 2 4 
4 5 1 2 204 
3
5 1318
2 80 -1 0 -8087
4 2 1 2 0 
4 3 1 2 0 
4 5 1 2 0 
4 1 1 2 4 
3
5 1319
2 43 -1 0 -8087
4 2 1 2 112 
4 3 1 2 131 
4 5 1 2 0 
4 6 1 2 1 
4 8 1 2 0 
4 9 1 2 0 
4 10 1 2 0 
4 11 1 2 253 
4 12 1 2 244 
4 13 1 2 255 
4 14 1 2 244 
4 15 1 2 254 
4 16 1 2 0 
4 17 1 2 0 
4 18 1 2 0 
4 19 1 2 0 
4 20 1 2 0 
4 21 1 2 0 
4 22 1 2 0 
3
2 94 -1 0 1320
4 2 1 2 0 
4 3 1 2 0 
4 5 1 2 16 
4 1 1 2 1 
4 6 1 2 3 
3
5 1321
2 94 -1 0 1320
4 2 1 2 1 
4 3 1 2 1 
4 5 1 2 16 
4 1 1 2 1 
4 6 1 2 4 
3
5 1322
2 94 -1 0 1320
4 2 1 2 2 
4 3 1 2 2 
4 5 1 2 16 
4 1 1 2 1 
3
5 1323
5 1320
2 94 -1 0 -8087
4 2 1 2 52 
4 3 1 2 40 
4 5 1 2 172 
4 1 1 2 1 
3
5 1324
2 94 -1 0 -8087
4 2 1 2 24 
4 3 1 2 42 
4 5 1 2 56 
4 1 1 2 1 
3
5 1325
2 94 -1 0 -8087
4 2 1 2 128 
4 3 1 2 42 
4 5 1 2 188 
4 1 1 2 1 
3
5 1326
2 94 -1 0 -8087
4 2 1 2 72 
4 3 1 2 34 
4 5 1 2 32 
4 1 1 2 1 
3
5 1327
2 94 -1 0 -8087
4 2 1 2 0 
4 3 1 2 40 
4 5 1 2 8 
4 1 1 2 1 
3
5 1328
2 94 -1 0 -8087
4 2 1 2 16 
4 3 1 2 133 
4 5 1 2 188 
4 1 1 2 1 
3
5 1329
2 17 -1 0 -8087
4 2 1 2 32 
4 3 1 2 158 
4 5 1 2 32 
3
5 1330
2 94 -1 0 -8087
4 2 1 2 100 
4 3 1 2 42 
4 5 1 2 72 
4 1 1 2 1 
3
5 1331
5 -8087
2 2 -1 8088 -1
4 5 1 4 8089 
4 9 1 4 8087 
4 7 1 4 8097 
4 3 1 4 8066 
4 14 1 2 0 
3
2 17 -1 0 -8088
4 2 1 2 8 
4 3 1 2 130 
4 5 1 2 16 
4 1 1 2 4 
3
5 1333
2 97 -1 0 -8088
4 2 1 2 0 
4 3 1 2 0 
4 5 1 2 0 
4 1 1 2 4 
3
5 1334
2 45 -1 0 -8088
4 2 1 2 0 
4 3 1 2 4 
4 5 1 2 204 
3
5 1335
2 17 -1 0 -8088
4 2 1 2 36 
4 3 1 2 131 
4 5 1 2 16 
4 1 1 2 4 
4 6 1 2 2 
3
5 1336
2 94 -1 0 -8088
4 2 1 2 16 
4 3 1 2 34 
4 5 1 2 188 
3
5 1337
2 94 -1 0 -8088
4 2 1 2 60 
4 3 1 2 36 
4 5 1 2 228 
3
5 1338
2 94 -1 0 -8088
4 2 1 2 64 
4 3 1 2 68 
4 5 1 2 228 
4 6 1 2 3 
3
5 1339
2 94 -1 0 -8088
4 2 1 2 56 
4 3 1 2 66 
4 5 1 2 229 
4 6 1 2 3 
3
5 1340
2 94 -1 0 -8088
4 2 1 2 104 
4 3 1 2 141 
4 5 1 2 172 
4 1 1 2 10 
3
5 1341
2 17 -1 0 -8088
4 2 1 2 108 
4 3 1 2 142 
4 5 1 2 17 
4 1 1 2 4 
3
5 1342
2 17 -1 0 -8088
4 2 1 2 84 
4 3 1 2 142 
4 5 1 2 16 
4 1 1 2 4 
4 6 1 2 1 
3
5 1343
2 80 -1 0 -8088
4 2 1 2 140 
4 3 1 2 100 
4 5 1 2 140 
4 1 1 2 11 
3
5 1344
2 94 -1 0 -8088
4 2 1 2 112 
4 3 1 2 30 
4 5 1 2 16 
4 1 1 2 1 
3
5 1345
5 -8088
2 2 -1 8089 -1
4 5 1 4 8090 
4 9 1 4 8088 
4 7 1 4 8098 
4 3 1 4 8067 
4 14 1 2 0 
3
2 45 -1 0 -8089
4 2 1 2 0 
4 3 1 2 4 
4 5 1 2 204 
3
5 1347
2 80 -1 0 -8089
4 2 1 2 0 
4 3 1 2 0 
4 5 1 2 0 
4 1 1 2 4 
3
5 1348
2 84 -1 0 -8089
4 2 1 2 68 
4 3 1 2 12 
4 5 1 2 104 
4 6 1 2 5 
4 8 1 2 0 
4 9 1 2 0 
3
5 1349
2 67 -1 0 -8089
4 2 1 2 44 
4 3 1 2 138 
4 5 1 2 32 
4 1 1 2 2 
4 8 1 2 1 
3
5 1350
2 94 -1 0 -8089
4 2 1 2 40 
4 3 1 2 35 
4 5 1 2 172 
3
5 1351
2 94 -1 0 -8089
4 2 1 2 28 
4 3 1 2 134 
4 5 1 2 16 
4 1 1 2 1 
3
5 1352
2 94 -1 0 -8089
4 2 1 2 96 
4 3 1 2 38 
4 5 1 2 220 
4 1 1 2 1 
3
5 1353
2 94 -1 0 -8089
4 2 1 2 128 
4 3 1 2 143 
4 5 1 2 188 
3
5 1354
2 94 -1 0 -8089
4 2 1 2 40 
4 3 1 2 75 
4 5 1 2 172 
4 6 1 2 3 
3
5 1355
2 94 -1 0 -8089
4 2 1 2 0 
4 3 1 2 31 
4 5 1 2 8 
4 1 1 2 1 
3
5 1356
2 94 -1 0 -8089
4 2 1 2 40 
4 3 1 2 71 
4 5 1 2 173 
4 6 1 2 3 
3
5 1357
2 67 -1 0 -8089
4 2 1 2 104 
4 3 1 2 26 
4 5 1 2 32 
4 1 1 2 2 
4 8 1 2 1 
3
5 1358
2 67 -1 0 -8089
4 2 1 2 152 
4 3 1 2 133 
4 5 1 2 33 
4 1 1 2 2 
4 8 1 2 1 
3
5 1359
2 67 -1 0 -8089
4 2 1 2 4 
4 3 1 2 138 
4 5 1 2 32 
4 8 1 2 1 
3
5 1360
2 67 -1 0 -8089
4 2 1 2 148 
4 3 1 2 35 
4 5 1 2 32 
4 8 1 2 1 
3
5 1361
2 67 -1 0 -8089
4 2 1 2 52 
4 3 1 2 45 
4 5 1 2 32 
4 8 1 2 1 
3
5 1362
5 -8089
2 2 -1 8090 -1
4 5 1 4 8099 
4 9 1 4 8089 
4 7 1 4 8099 
4 3 1 4 8068 
4 14 1 2 0 
3
2 45 -1 0 -8090
4 2 1 2 0 
4 3 1 2 4 
4 5 1 2 204 
3
5 1364
2 80 -1 0 -8090
4 2 1 2 0 
4 3 1 2 0 
4 5 1 2 0 
4 1 1 2 4 
3
5 1365
2 17 -1 0 -8090
4 2 1 2 24 
4 3 1 2 138 
4 5 1 2 0 
4 1 1 2 3 
3
5 1366
2 17 -1 0 -8090
4 2 1 2 60 
4 3 1 2 148 
4 5 1 2 1 
4 1 1 2 3 
3
5 1367
2 17 -1 0 -8090
4 2 1 2 84 
4 3 1 2 137 
4 5 1 2 1 
4 1 1 2 3 
3
5 1368
2 17 -1 0 -8090
4 2 1 2 100 
4 3 1 2 156 
4 5 1 2 0 
4 1 1 2 3 
4 6 1 2 1 
3
5 1369
2 17 -1 0 -8090
4 2 1 2 156 
4 3 1 2 144 
4 5 1 2 17 
4 1 1 2 3 
4 6 1 2 2 
3
5 1370
2 17 -1 0 -8090
4 2 1 2 0 
4 3 1 2 154 
4 5 1 2 0 
4 1 1 2 3 
3
5 1371
2 17 -1 0 -8090
4 2 1 2 136 
4 3 1 2 151 
4 5 1 2 0 
4 1 1 2 3 
4 6 1 2 1 
3
5 1372
5 -8090
2 2 -1 8091 -1
4 5 1 4 8092 
4 9 1 4 8094 
4 7 1 4 8092 
4 3 1 4 8069 
4 14 1 2 0 
3
2 45 -1 0 -8091
4 2 1 2 0 
4 3 1 2 4 
4 5 1 2 204 
3
5 1374
2 80 -1 0 -8091
4 2 1 2 0 
4 3 1 2 0 
4 5 1 2 0 
4 1 1 2 4 
3
5 1375
2 43 -1 0 -8091
4 2 1 2 32 
4 3 1 2 132 
4 5 1 2 0 
4 6 1 2 1 
4 8 1 2 0 
4 9 1 2 0 
4 10 1 2 0 
4 11 1 2 252 
4 12 1 2 229 
4 13 1 2 252 
4 14 1 2 196 
4 15 1 2 249 
4 16 1 2 214 
4 17 1 2 254 
4 18 1 2 0 
4 19 1 2 255 
4 20 1 2 214 
4 21 1 2 0 
4 22 1 2 0 
3
2 94 -1 0 1376
4 2 1 2 3 
4 3 1 2 3 
4 5 1 2 0 
4 1 1 2 10 
4 6 1 2 1 
3
5 1377
2 17 -1 0 1376
4 2 1 2 0 
4 3 1 2 0 
4 5 1 2 32 
4 6 1 2 1 
3
5 1378
2 17 -1 0 1376
4 2 1 2 1 
4 3 1 2 1 
4 5 1 2 32 
4 6 1 2 1 
3
5 1379
2 17 -1 0 1376
4 2 1 2 2 
4 3 1 2 2 
4 5 1 2 32 
4 6 1 2 1 
3
5 1380
2 17 -1 0 1376
4 2 1 2 4 
4 3 1 2 4 
4 5 1 2 32 
4 6 1 2 1 
3
5 1381
5 1376
2 94 -1 0 -8091
4 2 1 2 111 
4 3 1 2 133 
4 5 1 2 40 
4 1 1 2 10 
3
5 1382
2 94 -1 0 -8091
4 2 1 2 67 
4 3 1 2 41 
4 5 1 2 64 
4 1 1 2 10 
3
5 1383
2 94 -1 0 -8091
4 2 1 2 143 
4 3 1 2 32 
4 5 1 2 80 
4 1 1 2 10 
3
5 1384
5 -8091
2 2 -1 8092 -1
4 5 1 4 8093 
4 9 1 4 8091 
4 7 1 4 8091 
4 3 1 4 8070 
4 14 1 2 0 
3
2 45 -1 0 -8092
4 2 1 2 0 
4 3 1 2 4 
4 5 1 2 204 
3
5 1386
2 80 -1 0 -8092
4 2 1 2 0 
4 3 1 2 0 
4 5 1 2 0 
4 1 1 2 4 
3
5 1387
2 71 -1 0 -8092
4 2 1 2 80 
4 3 1 2 138 
4 5 1 2 32 
4 8 1 2 1 
3
5 1388
2 71 -1 0 -8092
4 2 1 2 64 
4 3 1 2 40 
4 5 1 2 32 
4 8 1 2 1 
3
5 1389
2 71 -1 0 -8092
4 2 1 2 136 
4 3 1 2 148 
4 5 1 2 32 
4 8 1 2 1 
3
5 1390
2 33 -1 0 -8092
4 2 1 2 88 
4 3 1 2 140 
4 5 1 2 0 
3
5 1391
2 33 -1 0 -8092
4 2 1 2 108 
4 3 1 2 140 
4 5 1 2 0 
4 6 1 2 2 
3
5 1392
2 33 -1 0 -8092
4 2 1 2 132 
4 3 1 2 140 
4 5 1 2 0 
4 6 1 2 1 
3
5 1393
2 94 -1 0 -8092
4 2 1 2 92 
4 3 1 2 147 
4 5 1 2 0 
4 1 1 2 4 
3
5 1394
5 -8092
2 2 -1 8093 -1
4 5 1 4 8094 
4 9 1 4 8092 
4 7 1 4 8094 
4 3 1 4 8072 
4 14 1 2 0 
3
2 17 -1 0 -8093
4 2 1 2 0 
4 3 1 2 30 
4 5 1 2 32 
4 1 1 2 4 
3
5 1396
2 97 -1 0 -8093
4 2 1 2 0 
4 3 1 2 0 
4 5 1 2 0 
4 1 1 2 4 
3
5 1397
2 45 -1 0 -8093
4 2 1 2 0 
4 3 1 2 4 
4 5 1 2 204 
3
5 1398
2 17 -1 0 -8093
4 2 1 2 32 
4 3 1 2 34 
4 5 1 2 16 
4 1 1 2 4 
4 6 1 2 2 
3
5 1399
2 17 -1 0 -8093
4 2 1 2 72 
4 3 1 2 32 
4 5 1 2 97 
4 1 1 2 4 
4 6 1 2 2 
3
5 1400
2 17 -1 0 -8093
4 2 1 2 76 
4 3 1 2 36 
4 5 1 2 16 
4 1 1 2 4 
4 6 1 2 2 
3
5 1401
2 17 -1 0 -8093
4 2 1 2 108 
4 3 1 2 34 
4 5 1 2 16 
4 1 1 2 4 
4 6 1 2 2 
3
5 1402
2 17 -1 0 -8093
4 2 1 2 136 
4 3 1 2 36 
4 5 1 2 16 
4 1 1 2 4 
4 6 1 2 2 
3
5 1403
2 94 -1 0 -8093
4 2 1 2 136 
4 3 1 2 141 
4 5 1 2 172 
4 1 1 2 10 
3
5 1404
2 17 -1 0 -8093
4 2 1 2 96 
4 3 1 2 158 
4 5 1 2 80 
4 1 1 2 4 
4 6 1 2 1 
3
5 1405
2 17 -1 0 -8093
4 2 1 2 16 
4 3 1 2 152 
4 5 1 2 24 
4 1 1 2 4 
4 6 1 2 2 
3
5 1406
2 80 -1 0 -8093
4 2 1 2 56 
4 3 1 2 96 
4 5 1 2 140 
4 1 1 2 11 
3
5 1407
2 17 -1 0 -8093
4 2 1 2 52 
4 3 1 2 141 
4 5 1 2 33 
4 1 1 2 4 
4 6 1 2 2 
3
5 1408
2 17 -1 0 -8093
4 2 1 2 84 
4 3 1 2 151 
4 5 1 2 57 
4 1 1 2 4 
4 6 1 2 2 
3
5 1409
2 17 -1 0 -8093
4 2 1 2 92 
4 3 1 2 136 
4 5 1 2 17 
4 1 1 2 4 
4 6 1 2 2 
3
5 1410
2 17 -1 0 -8093
4 2 1 2 112 
4 3 1 2 131 
4 5 1 2 17 
4 1 1 2 4 
4 6 1 2 1 
3
5 1411
2 17 -1 0 -8093
4 2 1 2 120 
4 3 1 2 141 
4 5 1 2 25 
4 1 1 2 4 
4 6 1 2 2 
3
5 1412
2 17 -1 0 -8093
4 2 1 2 64 
4 3 1 2 132 
4 5 1 2 17 
4 1 1 2 4 
4 6 1 2 2 
3
5 1413
2 17 -1 0 -8093
4 2 1 2 0 
4 3 1 2 132 
4 5 1 2 16 
4 1 1 2 4 
4 6 1 2 2 
3
5 1414
2 17 -1 0 -8093
4 2 1 2 160 
4 3 1 2 135 
4 5 1 2 97 
4 1 1 2 4 
4 6 1 2 2 
3
5 1415
2 80 -1 0 -8093
4 2 1 2 40 
4 3 1 2 90 
4 5 1 2 140 
4 1 1 2 11 
3
5 1416
2 80 -1 0 -8093
4 2 1 2 96 
4 3 1 2 105 
4 5 1 2 140 
4 1 1 2 11 
3
5 1417
5 -8093
2 2 -1 8094 -1
4 5 1 4 8091 
4 9 1 4 8093 
4 7 1 4 8093 
4 3 1 4 8072 
4 14 1 2 0 
3
2 45 -1 0 -8094
4 2 1 2 0 
4 3 1 2 4 
4 5 1 2 204 
3
5 1419
2 80 -1 0 -8094
4 2 1 2 0 
4 3 1 2 0 
4 5 1 2 0 
4 1 1 2 4 
3
5 1420
2 94 -1 0 -8094
4 2 1 2 64 
4 3 1 2 33 
4 5 1 2 188 
4 1 1 2 1 
4 6 1 2 1 
3
5 1421
2 94 -1 0 -8094
4 2 1 2 64 
4 3 1 2 53 
4 5 1 2 172 
4 1 1 2 1 
4 6 1 2 2 
3
5 1422
2 94 -1 0 -8094
4 2 1 2 100 
4 3 1 2 133 
4 5 1 2 164 
4 1 1 2 1 
3
5 1423
2 94 -1 0 -8094
4 2 1 2 8 
4 3 1 2 39 
4 5 1 2 172 
4 1 1 2 1 
4 6 1 2 1 
3
5 1424
2 94 -1 0 -8094
4 2 1 2 24 
4 3 1 2 42 
4 5 1 2 188 
4 1 1 2 1 
3
5 1425
2 94 -1 0 -8094
4 2 1 2 132 
4 3 1 2 41 
4 5 1 2 188 
4 1 1 2 1 
3
5 1426
2 94 -1 0 -8094
4 2 1 2 8 
4 3 1 2 61 
4 5 1 2 188 
4 1 1 2 1 
4 6 1 2 2 
3
5 1427
2 17 -1 0 -8094
4 2 1 2 120 
4 3 1 2 148 
4 5 1 2 64 
3
5 1428
2 17 -1 0 -8094
4 2 1 2 88 
4 3 1 2 156 
4 5 1 2 64 
3
5 1429
2 17 -1 0 -8094
4 2 1 2 20 
4 3 1 2 145 
4 5 1 2 80 
3
5 1430
2 67 -1 0 -8094
4 2 1 2 48 
4 3 1 2 138 
4 5 1 2 32 
4 1 1 2 2 
4 8 1 2 1 
3
5 1431
2 67 -1 0 -8094
4 2 1 2 136 
4 3 1 2 130 
4 5 1 2 33 
4 1 1 2 2 
4 8 1 2 1 
3
5 1432
5 -8094
2 2 -1 8095 -1
4 5 1 4 8096 
4 9 1 4 8095 
4 7 1 4 8095 
4 3 1 4 8080 
4 14 1 2 0 
3
2 45 -1 0 -8095
4 2 1 2 0 
4 3 1 2 4 
4 5 1 2 204 
3
5 1434
2 80 -1 0 -8095
4 2 1 2 0 
4 3 1 2 0 
4 5 1 2 0 
4 1 1 2 4 
3
5 1435
2 93 -1 0 -8095
4 2 1 2 116 
4 3 1 2 73 
4 5 1 2 188 
4 8 1 2 0 
4 9 1 2 253 
4 10 1 2 28 
4 11 1 2 3 
4 12 1 2 28 
4 13 1 2 39 
4 14 1 2 1 
4 15 1 2 15 
4 16 1 2 85 
4 17 1 2 85 
4 18 1 2 95 
4 19 1 2 85 
4 20 1 2 127 
4 21 1 2 213 
4 22 1 2 127 
4 23 1 2 213 
4 24 1 2 127 
4 25 1 2 213 
4 26 1 2 95 
4 27 1 2 85 
4 28 1 2 85 
4 29 1 2 85 
4 30 1 2 85 
4 31 1 2 85 
4 32 1 2 85 
4 33 1 2 85 
4 34 1 2 85 
4 35 1 2 85 
4 36 1 2 213 
4 37 1 2 87 
4 38 1 2 245 
4 39 1 2 95 
4 40 1 2 245 
4 41 1 2 95 
4 42 1 2 245 
4 43 1 2 95 
4 44 1 2 213 
4 45 1 2 87 
4 46 1 2 85 
4 47 1 2 85 
3
5 1436
2 94 -1 0 -8095
4 2 1 2 8 
4 3 1 2 36 
4 5 1 2 188 
4 1 1 2 10 
3
5 1437
2 94 -1 0 -8095
4 2 1 2 120 
4 3 1 2 35 
4 5 1 2 188 
3
5 1438
2 94 -1 0 -8095
4 2 1 2 0 
4 3 1 2 86 
4 5 1 2 188 
4 1 1 2 10 
4 6 1 2 3 
3
5 1439
2 94 -1 0 -8095
4 2 1 2 8 
4 3 1 2 86 
4 5 1 2 189 
4 1 1 2 10 
4 6 1 2 3 
3
5 1440
2 94 -1 0 -8095
4 2 1 2 72 
4 3 1 2 151 
4 5 1 2 64 
3
5 1441
2 94 -1 0 -8095
4 2 1 2 124 
4 3 1 2 66 
4 5 1 2 188 
4 6 1 2 3 
3
5 1442
2 94 -1 0 -8095
4 2 1 2 32 
4 3 1 2 144 
4 5 1 2 188 
4 1 1 2 1 
3
5 1443
2 94 -1 0 -8095
4 2 1 2 116 
4 3 1 2 66 
4 5 1 2 189 
4 6 1 2 3 
3
5 1444
2 94 -1 0 -8095
4 2 1 2 88 
4 3 1 2 131 
4 5 1 2 0 
4 1 1 2 7 
3
5 1445
2 94 -1 0 -8095
4 2 1 2 116 
4 3 1 2 131 
4 5 1 2 0 
4 1 1 2 7 
3
5 1446
2 94 -1 0 -8095
4 2 1 2 60 
4 3 1 2 33 
4 5 1 2 80 
3
5 1447
5 -8095
2 2 -1 8096 -1
4 5 1 4 8096 
4 9 1 4 8095 
4 7 1 4 8096 
4 3 1 4 8081 
4 14 1 2 0 
3
2 45 -1 0 -8096
4 2 1 2 0 
4 3 1 2 4 
4 5 1 2 204 
3
5 1449
2 80 -1 0 -8096
4 2 1 2 0 
4 3 1 2 0 
4 5 1 2 0 
4 1 1 2 4 
3
5 1450
2 94 -1 0 -8096
4 2 1 2 36 
4 3 1 2 36 
4 5 1 2 188 
4 1 1 2 10 
3
5 1451
2 94 -1 0 -8096
4 2 1 2 104 
4 3 1 2 35 
4 5 1 2 172 
3
5 1452
2 94 -1 0 -8096
4 2 1 2 24 
4 3 1 2 86 
4 5 1 2 188 
4 1 1 2 10 
4 6 1 2 3 
3
5 1453
2 94 -1 0 -8096
4 2 1 2 32 
4 3 1 2 86 
4 5 1 2 189 
4 1 1 2 10 
4 6 1 2 3 
3
5 1454
2 94 -1 0 -8096
4 2 1 2 144 
4 3 1 2 133 
4 5 1 2 16 
3
5 1455
2 94 -1 0 -8096
4 2 1 2 108 
4 3 1 2 75 
4 5 1 2 172 
4 6 1 2 3 
3
5 1456
2 94 -1 0 -8096
4 2 1 2 4 
4 3 1 2 141 
4 5 1 2 188 
4 1 1 2 1 
3
5 1457
2 94 -1 0 -8096
4 2 1 2 100 
4 3 1 2 71 
4 5 1 2 173 
4 6 1 2 3 
3
5 1458
2 94 -1 0 -8096
4 2 1 2 56 
4 3 1 2 141 
4 5 1 2 188 
4 1 1 2 1 
3
5 1459
2 94 -1 0 -8096
4 2 1 2 88 
4 3 1 2 140 
4 5 1 2 0 
4 1 1 2 7 
3
5 1460
5 -8096
2 2 -1 8097 -1
4 5 1 4 8098 
4 9 1 4 8086 
4 7 1 4 8100 
4 3 1 4 8088 
4 14 1 2 0 
3
2 45 -1 0 -8097
4 2 1 2 0 
4 3 1 2 4 
4 5 1 2 204 
3
5 1462
2 80 -1 0 -8097
4 2 1 2 0 
4 3 1 2 0 
4 5 1 2 0 
4 1 1 2 4 
3
5 1463
2 94 -1 0 -8097
4 2 1 2 52 
4 3 1 2 159 
4 5 1 2 0 
4 1 1 2 4 
3
5 1464
2 43 -1 0 -8097
4 2 1 2 88 
4 3 1 2 158 
4 5 1 2 0 
4 6 1 2 1 
4 8 1 2 0 
4 9 1 2 0 
4 10 1 2 0 
4 11 1 2 254 
4 12 1 2 242 
4 13 1 2 253 
4 14 1 2 255 
4 15 1 2 0 
4 16 1 2 0 
4 17 1 2 0 
4 18 1 2 0 
4 19 1 2 0 
4 20 1 2 0 
4 21 1 2 0 
4 22 1 2 0 
3
2 94 -1 0 1465
4 2 1 2 1 
4 3 1 2 1 
4 5 1 2 0 
4 1 1 2 4 
4 6 1 2 3 
3
5 1466
2 94 -1 0 1465
4 2 1 2 0 
4 3 1 2 0 
4 5 1 2 0 
4 1 1 2 4 
4 6 1 2 2 
3
5 1467
5 1465
2 17 -1 0 -8097
4 2 1 2 76 
4 3 1 2 149 
4 5 1 2 16 
4 1 1 2 3 
4 6 1 2 2 
3
5 1468
5 -8097
2 2 -1 8098 -1
4 5 1 4 8099 
4 9 1 4 8097 
4 7 1 4 8101 
4 3 1 4 8089 
4 14 1 2 0 
3
2 45 -1 0 -8098
4 2 1 2 0 
4 3 1 2 4 
4 5 1 2 204 
3
5 1470
2 80 -1 0 -8098
4 2 1 2 0 
4 3 1 2 0 
4 5 1 2 0 
4 1 1 2 4 
3
5 1471
2 84 -1 0 -8098
4 2 1 2 68 
4 3 1 2 12 
4 5 1 2 104 
4 6 1 2 5 
4 8 1 2 0 
4 9 1 2 0 
3
5 1472
2 67 -1 0 -8098
4 2 1 2 24 
4 3 1 2 50 
4 5 1 2 196 
4 8 1 2 1 
3
5 1473
2 67 -1 0 -8098
4 2 1 2 96 
4 3 1 2 144 
4 5 1 2 32 
4 1 1 2 1 
4 8 1 2 1 
3
5 1474
2 67 -1 0 -8098
4 2 1 2 40 
4 3 1 2 48 
4 5 1 2 196 
4 8 1 2 1 
3
5 1475
2 67 -1 0 -8098
4 2 1 2 32 
4 3 1 2 48 
4 5 1 2 196 
4 8 1 2 1 
3
5 1476
2 67 -1 0 -8098
4 2 1 2 48 
4 3 1 2 46 
4 5 1 2 16 
4 8 1 2 1 
3
5 1477
2 94 -1 0 -8098
4 2 1 2 92 
4 3 1 2 40 
4 5 1 2 172 
4 1 1 2 1 
3
5 1478
2 94 -1 0 -8098
4 2 1 2 0 
4 3 1 2 40 
4 5 1 2 188 
4 1 1 2 1 
3
5 1479
2 67 -1 0 -8098
4 2 1 2 36 
4 3 1 2 170 
4 5 1 2 16 
4 8 1 2 1 
3
5 1480
2 17 -1 0 -8098
4 2 1 2 12 
4 3 1 2 152 
4 5 1 2 32 
3
5 1481
2 67 -1 0 -8098
4 2 1 2 32 
4 3 1 2 138 
4 5 1 2 32 
4 1 1 2 1 
4 8 1 2 1 
3
5 1482
2 17 -1 0 -8098
4 2 1 2 132 
4 3 1 2 142 
4 5 1 2 40 
3
5 1483
2 67 -1 0 -8098
4 2 1 2 88 
4 3 1 2 128 
4 5 1 2 32 
4 1 1 2 1 
4 8 1 2 1 
3
5 1484
5 -8098
2 2 -1 8099 -1
4 5 1 4 8090 
4 9 1 4 8098 
4 7 1 4 8102 
4 3 1 4 8090 
4 14 1 2 0 
3
2 45 -1 0 -8099
4 2 1 2 0 
4 3 1 2 4 
4 5 1 2 204 
3
5 1486
2 80 -1 0 -8099
4 2 1 2 0 
4 3 1 2 0 
4 5 1 2 0 
4 1 1 2 4 
3
5 1487
2 94 -1 0 -8099
4 2 1 2 36 
4 3 1 2 36 
4 5 1 2 188 
4 1 1 2 10 
3
5 1488
2 94 -1 0 -8099
4 2 1 2 104 
4 3 1 2 35 
4 5 1 2 172 
3
5 1489
2 94 -1 0 -8099
4 2 1 2 24 
4 3 1 2 86 
4 5 1 2 188 
4 1 1 2 10 
4 6 1 2 3 
3
5 1490
2 94 -1 0 -8099
4 2 1 2 32 
4 3 1 2 86 
4 5 1 2 189 
4 1 1 2 10 
4 6 1 2 3 
3
5 1491
2 94 -1 0 -8099
4 2 1 2 144 
4 3 1 2 133 
4 5 1 2 16 
3
5 1492
2 94 -1 0 -8099
4 2 1 2 108 
4 3 1 2 75 
4 5 1 2 172 
4 6 1 2 3 
3
5 1493
2 94 -1 0 -8099
4 2 1 2 4 
4 3 1 2 141 
4 5 1 2 188 
4 1 1 2 1 
3
5 1494
2 94 -1 0 -8099
4 2 1 2 100 
4 3 1 2 71 
4 5 1 2 173 
4 6 1 2 3 
3
5 1495
2 94 -1 0 -8099
4 2 1 2 56 
4 3 1 2 141 
4 5 1 2 188 
4 1 1 2 1 
3
5 1496
2 94 -1 0 -8099
4 2 1 2 88 
4 3 1 2 140 
4 5 1 2 0 
4 1 1 2 7 
3
5 1497
5 -8099
2 2 -1 8100 -1
4 5 1 4 8101 
4 9 1 4 8087 
4 7 1 4 8086 
4 3 1 4 8097 
4 14 1 2 0 
3
2 45 -1 0 -8100
4 2 1 2 0 
4 3 1 2 4 
4 5 1 2 204 
3
5 1499
2 80 -1 0 -8100
4 2 1 2 0 
4 3 1 2 0 
4 5 1 2 0 
4 1 1 2 4 
3
5 1500
2 43 -1 0 -8100
4 2 1 2 12 
4 3 1 2 138 
4 5 1 2 0 
4 6 1 2 1 
4 8 1 2 0 
4 9 1 2 0 
4 10 1 2 0 
4 11 1 2 1 
4 12 1 2 201 
4 13 1 2 254 
4 14 1 2 0 
4 15 1 2 0 
4 16 1 2 0 
4 17 1 2 0 
4 18 1 2 0 
4 19 1 2 0 
4 20 1 2 0 
4 21 1 2 0 
4 22 1 2 0 
3
2 49 -1 0 1501
4 2 1 2 0 
4 3 1 2 0 
4 5 1 2 16 
4 1 1 2 12 
3
5 1502
2 94 -1 0 1501
4 2 1 2 1 
4 3 1 2 1 
4 5 1 2 64 
4 1 1 2 10 
3
5 1503
5 1501
2 94 -1 0 -8100
4 2 1 2 35 
4 3 1 2 42 
4 5 1 2 164 
4 1 1 2 10 
3
5 1504
2 94 -1 0 -8100
4 2 1 2 3 
4 3 1 2 38 
4 5 1 2 16 
4 1 1 2 10 
3
5 1505
2 94 -1 0 -8100
4 2 1 2 107 
4 3 1 2 41 
4 5 1 2 188 
4 1 1 2 10 
3
5 1506
2 94 -1 0 -8100
4 2 1 2 143 
4 3 1 2 32 
4 5 1 2 245 
4 1 1 2 10 
3
5 1507
2 94 -1 0 -8100
4 2 1 2 71 
4 3 1 2 37 
4 5 1 2 172 
4 1 1 2 10 
3
5 1508
5 -8100
2 2 -1 8101 -1
4 5 1 4 8102 
4 9 1 4 8100 
4 7 1 4 8105 
4 3 1 4 8098 
4 14 1 2 0 
3
2 45 -1 0 -8101
4 2 1 2 0 
4 3 1 2 4 
4 5 1 2 204 
3
5 1510
2 80 -1 0 -8101
4 2 1 2 0 
4 3 1 2 0 
4 5 1 2 0 
4 1 1 2 4 
3
5 1511
2 84 -1 0 -8101
4 2 1 2 68 
4 3 1 2 12 
4 5 1 2 104 
4 6 1 2 5 
4 8 1 2 0 
4 9 1 2 0 
3
5 1512
2 94 -1 0 -8101
4 2 1 2 100 
4 3 1 2 130 
4 5 1 2 32 
4 1 1 2 1 
3
5 1513
2 67 -1 0 -8101
4 2 1 2 52 
4 3 1 2 146 
4 5 1 2 32 
4 1 1 2 1 
4 8 1 2 1 
3
5 1514
2 94 -1 0 -8101
4 2 1 2 56 
4 3 1 2 40 
4 5 1 2 196 
4 1 1 2 1 
3
5 1515
2 94 -1 0 -8101
4 2 1 2 24 
4 3 1 2 42 
4 5 1 2 56 
4 1 1 2 1 
3
5 1516
2 94 -1 0 -8101
4 2 1 2 128 
4 3 1 2 42 
4 5 1 2 48 
4 1 1 2 1 
3
5 1517
2 94 -1 0 -8101
4 2 1 2 92 
4 3 1 2 40 
4 5 1 2 172 
4 1 1 2 1 
3
5 1518
2 94 -1 0 -8101
4 2 1 2 0 
4 3 1 2 40 
4 5 1 2 16 
4 1 1 2 1 
3
5 1519
2 94 -1 0 -8101
4 2 1 2 16 
4 3 1 2 133 
4 5 1 2 148 
4 1 1 2 1 
3
5 1520
2 17 -1 0 -8101
4 2 1 2 32 
4 3 1 2 152 
4 5 1 2 32 
3
5 1521
2 67 -1 0 -8101
4 2 1 2 32 
4 3 1 2 138 
4 5 1 2 32 
4 1 1 2 1 
4 8 1 2 1 
3
5 1522
2 17 -1 0 -8101
4 2 1 2 132 
4 3 1 2 133 
4 5 1 2 40 
3
5 1523
2 67 -1 0 -8101
4 2 1 2 88 
4 3 1 2 138 
4 5 1 2 32 
4 1 1 2 1 
4 8 1 2 1 
3
5 1524
5 -8101
2 2 -1 8102 -1
4 5 1 4 8106 
4 9 1 4 8101 
4 7 1 4 8106 
4 3 1 4 8099 
4 14 1 2 0 
3
2 45 -1 0 -8102
4 2 1 2 0 
4 3 1 2 4 
4 5 1 2 204 
3
5 1526
2 80 -1 0 -8102
4 2 1 2 0 
4 3 1 2 0 
4 5 1 2 0 
4 1 1 2 4 
3
5 1527
2 94 -1 0 -8102
4 2 1 2 16 
4 3 1 2 148 
4 5 1 2 252 
4 1 1 2 6 
3
5 1528
2 71 -1 0 -8102
4 2 1 2 52 
4 3 1 2 138 
4 5 1 2 32 
4 8 1 2 1 
3
5 1529
2 94 -1 0 -8102
4 2 1 2 64 
4 3 1 2 33 
4 5 1 2 252 
4 1 1 2 6 
4 6 1 2 1 
3
5 1530
2 94 -1 0 -8102
4 2 1 2 56 
4 3 1 2 62 
4 5 1 2 236 
4 1 1 2 6 
4 6 1 2 2 
3
5 1531
2 94 -1 0 -8102
4 2 1 2 92 
4 3 1 2 23 
4 5 1 2 64 
4 1 1 2 6 
3
5 1532
2 80 -1 0 -8102
4 2 1 2 120 
4 3 1 2 90 
4 5 1 2 140 
4 1 1 2 11 
3
5 1533
2 17 -1 0 -8102
4 2 1 2 112 
4 3 1 2 138 
4 5 1 2 9 
4 1 1 2 4 
4 6 1 2 2 
3
5 1534
2 17 -1 0 -8102
4 2 1 2 40 
4 3 1 2 147 
4 5 1 2 56 
3
5 1535
2 17 -1 0 -8102
4 2 1 2 124 
4 3 1 2 133 
4 5 1 2 96 
3
5 1536
2 67 -1 0 -8102
4 2 1 2 60 
4 3 1 2 148 
4 5 1 2 32 
4 1 1 2 2 
4 8 1 2 1 
3
5 1537
2 67 -1 0 -8102
4 2 1 2 72 
4 3 1 2 135 
4 5 1 2 33 
4 1 1 2 2 
4 8 1 2 1 
3
5 1538
2 17 -1 0 -8102
4 2 1 2 128 
4 3 1 2 138 
4 5 1 2 9 
4 1 1 2 4 
3
5 1539
5 -8102
2 2 -1 8103 -1
4 5 1 4 8104 
4 9 1 4 8107 
4 7 1 4 8107 
4 3 1 4 8104 
4 14 1 2 0 
3
2 45 -1 0 -8103
4 2 1 2 0 
4 3 1 2 4 
4 5 1 2 204 
3
5 1541
2 80 -1 0 -8103
4 2 1 2 0 
4 3 1 2 0 
4 5 1 2 0 
4 1 1 2 4 
3
5 1542
2 67 -1 0 -8103
4 2 1 2 40 
4 3 1 2 144 
4 5 1 2 16 
4 8 1 2 1 
3
5 1543
2 67 -1 0 -8103
4 2 1 2 68 
4 3 1 2 154 
4 5 1 2 16 
4 8 1 2 1 
3
5 1544
2 67 -1 0 -8103
4 2 1 2 92 
4 3 1 2 149 
4 5 1 2 16 
4 8 1 2 1 
3
5 1545
2 67 -1 0 -8103
4 2 1 2 48 
4 3 1 2 48 
4 5 1 2 196 
4 8 1 2 1 
3
5 1546
2 67 -1 0 -8103
4 2 1 2 8 
4 3 1 2 48 
4 5 1 2 196 
4 8 1 2 1 
3
5 1547
2 67 -1 0 -8103
4 2 1 2 88 
4 3 1 2 46 
4 5 1 2 16 
4 8 1 2 1 
3
5 1548
2 67 -1 0 -8103
4 2 1 2 100 
4 3 1 2 170 
4 5 1 2 16 
4 8 1 2 1 
3
5 1549
2 67 -1 0 -8103
4 2 1 2 128 
4 3 1 2 163 
4 5 1 2 16 
4 8 1 2 1 
3
5 1550
5 -8103
2 2 -1 8104 -1
4 5 1 4 8105 
4 9 1 4 8103 
4 7 1 4 8108 
4 3 1 4 8103 
4 14 1 2 0 
3
2 45 -1 0 -8104
4 2 1 2 0 
4 3 1 2 4 
4 5 1 2 204 
3
5 1552
2 80 -1 0 -8104
4 2 1 2 0 
4 3 1 2 0 
4 5 1 2 0 
4 1 1 2 4 
3
5 1553
2 94 -1 0 -8104
4 2 1 2 88 
4 3 1 2 33 
4 5 1 2 236 
4 6 1 2 1 
3
5 1554
2 71 -1 0 -8104
4 2 1 2 8 
4 3 1 2 138 
4 5 1 2 32 
4 8 1 2 1 
3
5 1555
2 94 -1 0 -8104
4 2 1 2 40 
4 3 1 2 35 
4 5 1 2 172 
3
5 1556
2 94 -1 0 -8104
4 2 1 2 88 
4 3 1 2 57 
4 5 1 2 188 
4 6 1 2 3 
3
5 1557
2 94 -1 0 -8104
4 2 1 2 84 
4 3 1 2 57 
4 5 1 2 189 
4 6 1 2 3 
3
5 1558
2 94 -1 0 -8104
4 2 1 2 128 
4 3 1 2 33 
4 5 1 2 220 
4 6 1 2 1 
3
5 1559
2 94 -1 0 -8104
4 2 1 2 44 
4 3 1 2 75 
4 5 1 2 172 
4 6 1 2 3 
3
5 1560
2 94 -1 0 -8104
4 2 1 2 20 
4 3 1 2 141 
4 5 1 2 16 
3
5 1561
2 94 -1 0 -8104
4 2 1 2 36 
4 3 1 2 71 
4 5 1 2 173 
4 6 1 2 3 
3
5 1562
2 17 -1 0 -8104
4 2 1 2 40 
4 3 1 2 138 
4 5 1 2 48 
3
5 1563
2 17 -1 0 -8104
4 2 1 2 84 
4 3 1 2 136 
4 5 1 2 72 
3
5 1564
2 17 -1 0 -8104
4 2 1 2 136 
4 3 1 2 146 
4 5 1 2 80 
3
5 1565
2 67 -1 0 -8104
4 2 1 2 4 
4 3 1 2 148 
4 5 1 2 32 
4 1 1 2 2 
4 8 1 2 1 
3
5 1566
2 67 -1 0 -8104
4 2 1 2 100 
4 3 1 2 135 
4 5 1 2 33 
4 1 1 2 2 
4 8 1 2 1 
3
5 1567
2 94 -1 0 -8104
4 2 1 2 128 
