1 1
2 -1 -1 -1 0
4 1 1 2 0 
4 2 1 2 0 
4 3 1 2 128 
4 4 1 2 0 
4 5 1 2 0 
4 6 1 2 0 
3
5 1
1 2
2 -1 0 -1 0
4 1 1 2 0 
4 2 1 2 32 
4 3 4 4 -1 4 -1 4 -1 4 -1 
4 11 1 2 0 
4 12 1 4 -1 
4 14 1 2 0 
3
5 2
1 3
2 1 1 -1 0
4 7 1 2 8 
4 8 1 2 0 
4 9 1 2 0 
4 10 1 2 255 
4 11 1 2 0 
4 12 3 2 85 2 119 2 51 
4 15 1 4 2000 
4 17 1 4 0 
3
5 3
1 4
2 1 2 -1 0
4 8 1 2 1 
3
5 4
1 5
2 1 129 -1 0
4 7 1 2 28 
4 6 1 2 1 
4 8 1 2 0 
3
5 5
1 6
2 1 4 -1 0
4 7 1 2 16 
3
5 6
1 7
2 1 6 -1 0
4 7 1 2 2 
4 6 1 2 1 
4 8 1 2 3 
4 9 2 2 0 2 0 
3
5 7
1 8
2 1 7 -1 0
3
5 8
1 9
2 1 130 -1 0
4 8 1 2 3 
3
5 9
1 10
2 1 10 -1 0
4 8 1 2 1 
4 9 1 2 0 
4 10 1 4 -1 
3
5 10
1 11
2 1 11 -1 0
3
5 11
1 12
2 1 12 -1 0
4 7 1 2 12 
4 6 1 2 1 
4 8 1 2 1 
3
5 12
1 13
2 1 13 -1 0
4 7 1 2 20 
4 6 1 2 1 
4 8 1 2 3 
4 9 2 2 0 2 0 
3
5 13
1 14
2 1 131 -1 0
4 8 1 2 1 
4 9 1 2 1 
3
5 14
1 15
2 1 132 -1 0
3
5 15
1 16
2 1 132 -1 0
3
5 16
1 17
2 1 133 -1 0
4 7 1 2 12 
3
5 17
1 18
2 1 134 -1 0
4 7 1 2 24 
4 8 1 2 3 
3
5 18
1 19
2 1 84 -1 0
3
5 19
1 20
2 1 135 -1 0
4 8 1 2 2 
4 9 2 2 0 2 0 
3
5 20
1 21
2 1 16 -1 0
3
5 21
1 22
2 1 136 -1 0
4 8 1 4 0 
3
5 22
1 23
2 1 17 -1 0
4 7 1 2 12 
3
5 23
1 24
2 1 137 -1 0
4 8 1 2 3 
3
5 24
1 25
2 1 18 -1 0
4 8 1 2 3 
4 9 2 2 0 2 0 
3
5 25
1 26
2 1 20 -1 0
3
5 26
1 27
2 1 22 -1 0
4 8 1 2 3 
4 9 2 2 0 2 0 
3
5 27
1 28
2 1 23 -1 0
4 8 1 2 2 
4 9 2 2 0 2 0 
3
5 28
1 29
2 1 24 -1 0
4 7 1 2 16 
3
5 29
1 30
2 1 25 -1 0
4 8 1 2 10 
4 9 1 2 1 
3
5 30
1 31
2 1 26 -1 0
4 7 1 2 12 
4 8 1 2 5 
3
5 31
1 32
2 1 27 -1 0
4 8 1 2 0 
3
5 32
1 33
2 1 138 -1 0
3
5 33
1 34
2 1 29 -1 0
4 7 1 2 4 
4 8 1 2 0 
3
5 34
1 35
2 1 30 -1 0
4 7 1 2 16 
4 8 1 2 0 
3
5 35
1 36
2 1 139 -1 0
4 8 1 2 0 
3
5 36
1 37
2 1 93 -1 0
3
5 37
1 38
2 1 140 -1 0
4 8 1 4 0 
3
5 38
1 39
2 1 141 -1 0
3
5 39
1 40
2 1 31 -1 0
3
5 40
1 41
2 1 32 -1 0
4 7 1 2 16 
4 6 1 2 1 
4 8 1 2 3 
4 9 2 2 0 2 0 
3
5 41
1 42
2 1 33 -1 0
4 8 1 2 1 
3
5 42
1 43
2 1 98 -1 0
4 8 1 2 3 
4 9 2 2 0 2 0 
3
5 43
1 44
2 1 35 -1 0
4 8 1 2 0 
3
5 44
1 45
2 1 36 -1 0
3
5 45
1 46
2 1 37 -1 0
4 7 1 2 12 
3
5 46
1 47
2 1 38 -1 0
3
5 47
1 48
2 1 39 -1 0
3
5 48
1 49
2 1 127 -1 0
3
5 49
1 50
2 1 88 -1 0
4 8 1 2 2 
4 9 2 2 0 2 0 
3
5 50
1 51
2 1 144 -1 0
3
5 51
1 52
2 1 143 -1 0
3
5 52
1 53
2 1 40 -1 0
4 8 1 2 1 
3
5 53
1 54
2 1 145 -1 0
4 8 1 2 0 
4 9 1 2 0 
4 10 1 4 0 
4 12 1 2 -1 
4 13 1 2 1 
4 14 1 4 -1 
4 16 1 2 0 
3
5 54
1 55
2 1 42 -1 0
4 7 1 2 8 
4 8 2 2 255 2 255 
3
5 55
1 56
2 1 43 -1 0
4 7 1 2 3 
4 8 1 2 0 
4 9 1 2 0 
3
5 56
1 57
2 1 44 -1 0
4 7 1 2 24 
3
5 57
1 58
2 1 45 -1 0
4 8 1 2 0 
4 9 1 2 0 
3
5 58
1 59
2 1 46 -1 0
4 7 1 2 4 
4 8 1 2 1 
3
5 59
1 60
2 1 47 -1 0
4 8 1 2 1 
3
5 60
1 61
2 1 48 -1 0
4 8 1 2 0 
4 9 1 4 -1 
3
5 61
1 62
2 1 49 -1 0
4 8 1 4 -1 
3
5 62
1 63
2 1 52 -1 0
4 8 1 2 0 
3
5 63
1 64
2 1 54 -1 0
4 7 1 2 8 
3
5 64
1 65
2 1 96 -1 0
4 8 1 2 3 
4 9 2 2 0 2 0 
3
5 65
1 66
2 1 152 -1 0
4 8 1 2 1 
4 9 1 2 0 
3
5 66
1 67
2 1 58 -1 0
4 7 1 2 20 
4 8 1 2 1 
3
5 67
1 68
2 1 147 -1 0
3
5 68
1 69
2 1 60 -1 0
4 8 1 2 1 
3
5 69
1 70
2 1 148 -1 0
3
5 70
1 71
2 1 61 -1 0
4 7 1 2 8 
4 8 1 2 0 
3
5 71
1 72
2 1 149 -1 0
3
5 72
1 73
2 1 150 -1 0
4 8 1 2 0 
4 9 2 2 0 2 0 
3
5 73
1 74
2 1 63 -1 0
4 8 1 2 0 
3
5 74
1 75
2 1 64 -1 0
4 7 1 2 8 
3
5 75
1 76
2 1 90 -1 0
3
5 76
1 77
2 1 56 -1 0
3
5 77
1 78
2 1 89 -1 0
3
5 78
1 79
2 1 57 -1 0
3
5 79
1 80
2 1 69 -1 0
3
5 80
1 81
2 1 95 -1 0
3
5 81
1 82
2 1 91 -1 0
3
5 82
1 83
2 1 70 -1 0
4 7 1 2 20 
4 8 1 2 0 
4 9 1 2 0 
3
5 83
1 84
2 1 153 -1 0
3
5 84
1 85
2 1 154 -1 0
3
5 85
1 86
2 1 97 -1 0
3
5 86
1 87
2 1 155 -1 0
4 8 1 2 3 
4 9 2 2 0 2 0 
3
5 87
1 88
2 1 71 -1 0
4 7 1 2 12 
4 8 1 4 -1 
3
5 88
1 89
2 1 74 -1 0
4 8 1 2 0 
4 9 2 2 0 2 0 
4 11 1 4 0 
3
5 89
1 90
2 1 75 -1 0
4 8 1 2 0 
3
5 90
1 91
2 1 76 -1 0
4 8 1 2 1 
3
5 91
1 92
2 1 87 -1 0
3
5 92
1 93
2 1 92 -1 0
3
5 93
1 94
2 1 156 -1 0
4 7 1 2 20 
3
5 94
1 95
2 1 86 -1 0
3
5 95
1 96
2 1 85 -1 0
3
5 96
1 97
2 1 80 -1 0
3
5 97
1 98
2 1 157 -1 0
4 7 1 2 20 
3
5 98
1 99
2 1 82 -1 0
4 8 1 2 0 
3
5 99
2 2 -1 6400 -1
4 14 1 2 0 
3
2 79 -1 0 -6400
4 2 1 2 16 
4 3 1 2 124 
4 5 1 2 0 
4 6 1 2 1 
4 8 1 2 131 
4 9 1 2 131 
4 10 1 2 118 
4 11 1 2 105 
4 12 1 2 115 
4 13 1 2 105 
4 14 1 2 116 
4 15 1 2 32 
4 16 1 2 116 
4 17 1 2 104 
4 18 1 2 101 
4 19 1 2 32 
4 20 1 2 39 
4 21 1 2 72 
4 22 1 2 69 
4 23 1 2 65 
4 24 1 2 82 
4 25 1 2 84 
4 26 1 2 32 
4 27 1 2 111 
4 28 1 2 102 
4 29 1 2 32 
4 30 1 2 116 
4 31 1 2 104 
4 32 1 2 101 
4 33 1 2 32 
4 34 1 2 68 
4 35 1 2 69 
4 36 1 2 83 
4 37 1 2 69 
4 38 1 2 82 
4 39 1 2 84 
4 40 1 2 39 
4 41 1 2 32 
4 42 1 2 32 
4 43 1 2 32 
4 44 1 2 32 
4 45 1 2 32 
4 46 1 2 32 
4 47 1 2 32 
3
5 101
2 96 -1 0 -6400
4 2 1 2 24 
4 3 1 2 64 
4 5 1 2 0 
4 1 1 2 1 
4 8 1 2 3 
4 9 1 2 0 
4 10 1 2 0 
4 11 1 2 0 
4 12 1 2 0 
3
5 102
2 93 -1 0 -6400
4 2 1 2 160 
4 3 1 2 7 
4 5 1 2 252 
4 8 1 2 2 
4 9 1 2 96 
4 10 1 2 0 
4 11 1 2 98 
4 12 1 2 0 
4 13 1 2 9 
4 14 1 2 3 
4 15 1 2 7 
4 16 1 2 85 
4 17 1 2 85 
4 18 1 2 85 
4 19 1 2 85 
4 20 1 2 85 
4 21 1 2 90 
4 22 1 2 170 
4 23 1 2 85 
4 24 1 2 85 
4 25 1 2 106 
4 26 1 2 170 
4 27 1 2 149 
4 28 1 2 106 
4 29 1 2 106 
4 30 1 2 170 
4 31 1 2 165 
4 32 1 2 106 
4 33 1 2 106 
4 34 1 2 170 
4 35 1 2 165 
4 36 1 2 106 
4 37 1 2 106 
4 38 1 2 170 
4 39 1 2 165 
4 40 1 2 85 
4 41 1 2 106 
4 42 1 2 170 
4 43 1 2 149 
4 44 1 2 85 
4 45 1 2 90 
4 46 1 2 170 
4 47 1 2 85 
3
5 103
2 93 -1 0 -6400
4 2 1 2 180 
4 3 1 2 16 
4 5 1 2 252 
4 8 1 2 2 
4 9 1 2 72 
4 10 1 2 0 
4 11 1 2 72 
4 12 1 2 0 
4 13 1 2 7 
4 14 1 2 3 
4 15 1 2 7 
4 16 1 2 85 
4 17 1 2 85 
4 18 1 2 85 
4 19 1 2 85 
4 20 1 2 169 
4 21 1 2 85 
4 22 1 2 85 
4 23 1 2 106 
4 24 1 2 170 
4 25 1 2 85 
4 26 1 2 85 
4 27 1 2 170 
4 28 1 2 170 
4 29 1 2 149 
4 30 1 2 169 
4 31 1 2 170 
4 32 1 2 170 
4 33 1 2 149 
4 34 1 2 169 
4 35 1 2 170 
4 36 1 2 170 
4 37 1 2 149 
4 38 1 2 169 
4 39 1 2 170 
4 40 1 2 170 
4 41 1 2 85 
4 42 1 2 85 
4 43 1 2 170 
4 44 1 2 169 
4 45 1 2 85 
4 46 1 2 85 
4 47 1 2 106 
3
5 104
2 77 -1 0 -6400
4 2 1 2 0 
4 3 1 2 30 
4 5 1 2 0 
4 6 1 2 1 
4 8 1 2 129 
4 9 1 2 129 
4 10 1 2 129 
4 11 1 2 129 
4 12 1 2 129 
4 13 1 2 129 
4 14 1 2 129 
4 15 1 2 129 
4 16 1 2 129 
4 17 1 2 51 
3
5 105
2 77 -1 0 -6400
4 2 1 2 52 
4 3 1 2 101 
4 5 1 2 0 
4 6 1 2 1 
4 8 1 2 131 
4 9 1 2 131 
4 10 1 2 131 
4 11 1 2 131 
4 12 1 2 131 
4 13 1 2 131 
4 14 1 2 131 
4 15 1 2 131 
4 16 1 2 131 
4 17 1 2 52 
3
5 106
2 77 -1 0 -6400
4 2 1 2 64 
4 3 1 2 73 
4 5 1 2 0 
4 6 1 2 1 
4 8 1 2 131 
4 9 1 2 129 
4 10 1 2 131 
4 11 1 2 129 
4 12 1 2 131 
4 13 1 2 129 
4 14 1 2 131 
4 15 1 2 129 
4 16 1 2 131 
4 17 1 2 50 
3
5 107
2 93 -1 0 -6400
4 2 1 2 184 
4 3 1 2 16 
4 5 1 2 252 
4 8 1 2 2 
4 9 1 2 72 
4 10 1 2 0 
4 11 1 2 72 
4 12 1 2 0 
4 13 1 2 7 
4 14 1 2 3 
4 15 1 2 7 
4 16 1 2 85 
4 17 1 2 85 
4 18 1 2 85 
4 19 1 2 85 
4 20 1 2 169 
4 21 1 2 85 
4 22 1 2 85 
4 23 1 2 106 
4 24 1 2 170 
4 25 1 2 85 
4 26 1 2 85 
4 27 1 2 170 
4 28 1 2 170 
4 29 1 2 149 
4 30 1 2 169 
4 31 1 2 170 
4 32 1 2 170 
4 33 1 2 149 
4 34 1 2 169 
4 35 1 2 170 
4 36 1 2 170 
4 37 1 2 149 
4 38 1 2 169 
4 39 1 2 170 
4 40 1 2 170 
4 41 1 2 85 
4 42 1 2 85 
4 43 1 2 170 
4 44 1 2 169 
4 45 1 2 85 
4 46 1 2 85 
4 47 1 2 106 
3
5 108
2 93 -1 0 -6400
4 2 1 2 184 
4 3 1 2 16 
4 5 1 2 252 
4 8 1 2 2 
4 9 1 2 72 
4 10 1 2 0 
4 11 1 2 72 
4 12 1 2 0 
4 13 1 2 7 
4 14 1 2 3 
4 15 1 2 7 
4 16 1 2 85 
4 17 1 2 85 
4 18 1 2 85 
4 19 1 2 85 
4 20 1 2 169 
4 21 1 2 85 
4 22 1 2 85 
4 23 1 2 106 
4 24 1 2 170 
4 25 1 2 85 
4 26 1 2 85 
4 27 1 2 170 
4 28 1 2 170 
4 29 1 2 149 
4 30 1 2 169 
4 31 1 2 170 
4 32 1 2 170 
4 33 1 2 149 
4 34 1 2 169 
4 35 1 2 170 
4 36 1 2 170 
4 37 1 2 149 
4 38 1 2 169 
4 39 1 2 170 
4 40 1 2 170 
4 41 1 2 85 
4 42 1 2 85 
4 43 1 2 170 
4 44 1 2 169 
4 45 1 2 85 
4 46 1 2 85 
4 47 1 2 106 
3
5 109
2 93 -1 0 -6400
4 2 1 2 160 
4 3 1 2 7 
4 5 1 2 252 
4 8 1 2 2 
4 9 1 2 96 
4 10 1 2 0 
4 11 1 2 98 
4 12 1 2 0 
4 13 1 2 9 
4 14 1 2 3 
4 15 1 2 7 
4 16 1 2 85 
4 17 1 2 85 
4 18 1 2 85 
4 19 1 2 85 
4 20 1 2 85 
4 21 1 2 90 
4 22 1 2 170 
4 23 1 2 85 
4 24 1 2 85 
4 25 1 2 106 
4 26 1 2 170 
4 27 1 2 149 
4 28 1 2 106 
4 29 1 2 106 
4 30 1 2 170 
4 31 1 2 165 
4 32 1 2 106 
4 33 1 2 106 
4 34 1 2 170 
4 35 1 2 165 
4 36 1 2 106 
4 37 1 2 106 
4 38 1 2 170 
4 39 1 2 165 
4 40 1 2 85 
4 41 1 2 106 
4 42 1 2 170 
4 43 1 2 149 
4 44 1 2 85 
4 45 1 2 90 
4 46 1 2 170 
4 47 1 2 85 
3
5 110
2 93 -1 0 -6400
4 2 1 2 160 
4 3 1 2 7 
4 5 1 2 252 
4 8 1 2 2 
4 9 1 2 96 
4 10 1 2 0 
4 11 1 2 98 
4 12 1 2 0 
4 13 1 2 9 
4 14 1 2 3 
4 15 1 2 7 
4 16 1 2 85 
4 17 1 2 85 
4 18 1 2 85 
4 19 1 2 85 
4 20 1 2 85 
4 21 1 2 90 
4 22 1 2 170 
4 23 1 2 85 
4 24 1 2 85 
4 25 1 2 106 
4 26 1 2 170 
4 27 1 2 149 
4 28 1 2 106 
4 29 1 2 106 
4 30 1 2 170 
4 31 1 2 165 
4 32 1 2 106 
4 33 1 2 106 
4 34 1 2 170 
4 35 1 2 165 
4 36 1 2 106 
4 37 1 2 106 
4 38 1 2 170 
4 39 1 2 165 
4 40 1 2 85 
4 41 1 2 106 
4 42 1 2 170 
4 43 1 2 149 
4 44 1 2 85 
4 45 1 2 90 
4 46 1 2 170 
4 47 1 2 85 
3
5 111
2 96 -1 0 -6400
4 2 1 2 44 
4 3 1 2 64 
4 5 1 2 0 
4 1 1 2 1 
4 8 1 2 3 
4 9 1 2 0 
4 10 1 2 0 
4 11 1 2 0 
4 12 1 2 0 
3
5 112
2 96 -1 0 -6400
4 2 1 2 60 
4 3 1 2 64 
4 5 1 2 0 
4 1 1 2 1 
4 8 1 2 3 
4 9 1 2 0 
4 10 1 2 0 
4 11 1 2 0 
4 12 1 2 0 
3
5 113
2 95 -1 0 -6400
4 2 1 2 24 
4 3 1 2 20 
4 5 1 2 0 
4 1 1 2 1 
4 6 1 2 1 
4 8 1 2 3 
4 9 1 2 0 
4 10 1 2 0 
3
5 114
2 95 -1 0 -6400
4 2 1 2 32 
4 3 1 2 20 
4 5 1 2 0 
4 1 1 2 1 
4 6 1 2 1 
4 8 1 2 3 
4 9 1 2 0 
4 10 1 2 0 
3
5 115
2 95 -1 0 -6400
4 2 1 2 40 
4 3 1 2 20 
4 5 1 2 0 
4 1 1 2 1 
4 6 1 2 1 
4 8 1 2 3 
4 9 1 2 0 
4 10 1 2 0 
3
5 116
2 10 -1 0 -6400
4 2 1 2 24 
4 3 1 2 60 
4 5 1 2 0 
4 1 1 2 4 
4 6 1 2 1 
4 8 1 2 0 
3
5 117
2 10 -1 0 -6400
4 2 1 2 32 
4 3 1 2 60 
4 5 1 2 0 
4 1 1 2 4 
4 6 1 2 1 
4 8 1 2 0 
3
5 118
2 10 -1 0 -6400
4 2 1 2 40 
4 3 1 2 60 
4 5 1 2 0 
4 1 1 2 4 
4 6 1 2 1 
4 8 1 2 0 
3
5 119
2 10 -1 0 -6400
4 2 1 2 48 
4 3 1 2 60 
4 5 1 2 0 
4 1 1 2 4 
4 6 1 2 1 
4 8 1 2 0 
3
5 120
2 36 -1 0 -6400
4 2 1 2 4 
4 3 1 2 148 
4 5 1 2 80 
4 8 1 2 1 
3
5 121
2 79 -1 0 -6400
4 2 1 2 100 
4 3 1 2 32 
4 5 1 2 180 
4 1 1 2 6 
4 8 1 2 35 
4 9 1 2 32 
4 10 1 2 116 
4 11 1 2 32 
4 12 1 2 101 
4 13 1 2 32 
4 14 1 2 114 
4 15 1 2 32 
4 16 1 2 100 
4 17 1 2 32 
4 18 1 2 101 
4 19 1 2 134 
4 20 1 2 105 
4 21 1 2 32 
4 22 1 2 101 
4 23 1 2 32 
4 24 1 2 112 
4 25 1 2 32 
4 26 1 2 116 
4 27 1 2 32 
4 28 1 2 100 
4 29 1 2 32 
4 30 1 2 115 
4 31 1 2 134 
4 32 1 2 115 
4 33 1 2 32 
4 34 1 2 108 
4 35 1 2 32 
4 36 1 2 111 
4 37 1 2 32 
4 38 1 2 97 
4 39 1 2 32 
4 40 1 2 114 
4 41 1 2 32 
4 42 1 2 115 
4 43 1 2 134 
4 44 1 2 97 
4 45 1 2 32 
4 46 1 2 32 
4 47 1 2 32 
3
5 122
2 79 -1 0 -6400
4 2 1 2 100 
4 3 1 2 90 
4 5 1 2 0 
4 6 1 2 3 
4 8 1 2 128 
4 9 1 2 116 
4 10 1 2 32 
4 11 1 2 119 
4 12 1 2 32 
4 13 1 2 111 
4 14 1 2 32 
4 15 1 2 109 
4 16 1 2 32 
4 17 1 2 111 
4 18 1 2 134 
4 19 1 2 128 
4 20 1 2 114 
4 21 1 2 32 
4 22 1 2 101 
4 23 1 2 32 
4 24 1 2 58 
4 25 1 2 32 
4 26 1 2 50 
4 27 1 2 32 
4 28 1 2 51 
4 29 1 2 134 
4 30 1 2 128 
4 31 1 2 116 
4 32 1 2 32 
4 33 1 2 111 
4 34 1 2 32 
4 35 1 2 116 
4 36 1 2 32 
4 37 1 2 97 
4 38 1 2 32 
4 39 1 2 108 
4 40 1 2 32 
4 41 1 2 58 
4 42 1 2 134 
4 43 1 2 32 
4 44 1 2 32 
4 45 1 2 32 
4 46 1 2 32 
4 47 1 2 57 
3
5 123
2 10 -1 0 -6400
4 2 1 2 120 
4 3 1 2 138 
4 5 1 2 0 
4 1 1 2 7 
4 8 1 2 0 
3
5 124
5 -6400
2 2 -1 6401 -1
4 5 1 4 9032 
4 9 1 4 9032 
4 7 1 4 9032 
4 3 1 4 9032 
4 14 1 2 0 
3
2 45 -1 0 -6401
4 2 1 2 0 
4 3 1 2 4 
4 5 1 2 112 
4 1 1 2 1 
3
5 126
2 93 -1 0 -6401
4 2 1 2 160 
4 3 1 2 32 
4 5 1 2 140 
4 8 1 2 1 
4 9 1 2 96 
4 10 1 2 255 
4 11 1 2 96 
4 12 1 2 0 
4 13 1 2 112 
4 14 1 2 1 
4 15 1 2 7 
4 16 1 2 85 
4 17 1 2 170 
4 18 1 2 85 
4 19 1 2 170 
4 20 1 2 85 
4 21 1 2 170 
4 22 1 2 85 
4 23 1 2 170 
4 24 1 2 170 
4 25 1 2 85 
4 26 1 2 170 
4 27 1 2 85 
4 28 1 2 170 
4 29 1 2 85 
4 30 1 2 170 
4 31 1 2 85 
4 32 1 2 89 
4 33 1 2 150 
4 34 1 2 85 
4 35 1 2 149 
4 36 1 2 86 
4 37 1 2 89 
4 38 1 2 150 
4 39 1 2 101 
4 40 1 2 85 
4 41 1 2 89 
4 42 1 2 149 
4 43 1 2 149 
4 44 1 2 80 
4 45 1 2 86 
4 46 1 2 85 
4 47 1 2 85 
3
5 127
2 79 -1 0 -6401
4 2 1 2 60 
4 3 1 2 232 
4 5 1 2 188 
4 1 1 2 4 
4 6 1 2 3 
4 8 1 2 133 
4 9 1 2 80 
4 10 1 2 85 
4 11 1 2 83 
4 12 1 2 72 
4 13 1 2 125 
4 14 1 2 66 
4 15 1 2 85 
4 16 1 2 84 
4 17 1 2 84 
4 18 1 2 79 
4 19 1 2 78 
4 20 1 2 134 
4 21 1 2 134 
4 22 1 2 32 
4 23 1 2 32 
4 24 1 2 32 
4 25 1 2 32 
4 26 1 2 125 
4 27 1 2 134 
4 28 1 2 134 
4 29 1 2 32 
4 30 1 2 32 
4 31 1 2 32 
4 32 1 2 32 
4 33 1 2 125 
4 34 1 2 32 
4 35 1 2 32 
4 36 1 2 32 
4 37 1 2 32 
4 38 1 2 32 
4 39 1 2 32 
4 40 1 2 32 
4 41 1 2 32 
4 42 1 2 32 
4 43 1 2 32 
4 44 1 2 32 
4 45 1 2 32 
4 46 1 2 32 
4 47 1 2 32 
3
5 128
2 89 -1 0 -6401
4 2 1 2 4 
4 3 1 2 128 
4 5 1 2 236 
4 8 1 2 0 
3
5 129
2 86 -1 0 -6401
4 2 1 2 96 
4 3 1 2 59 
4 5 1 2 120 
4 1 1 2 1 
4 6 1 2 2 
3
5 130
2 92 -1 0 -6401
4 2 1 2 104 
4 3 1 2 56 
4 5 1 2 156 
4 8 1 2 1 
4 9 1 2 244 
4 10 1 2 3 
4 11 1 2 244 
4 12 1 2 3 
4 13 1 2 177 
3
5 131
5 -6401
2 2 -1 6402 -1
4 5 1 4 9032 
4 9 1 4 9032 
4 7 1 4 9032 
4 3 1 4 9032 
4 14 1 2 0 
3
2 45 -1 0 -6402
4 2 1 2 0 
4 3 1 2 4 
4 5 1 2 56 
4 1 1 2 1 
3
5 133
2 93 -1 0 -6402
4 2 1 2 160 
4 3 1 2 32 
4 5 1 2 204 
4 8 1 2 1 
4 9 1 2 96 
4 10 1 2 255 
4 11 1 2 96 
4 12 1 2 0 
4 13 1 2 112 
4 14 1 2 3 
4 15 1 2 7 
4 16 1 2 85 
4 17 1 2 85 
4 18 1 2 85 
4 19 1 2 85 
4 20 1 2 101 
4 21 1 2 101 
4 22 1 2 169 
4 23 1 2 85 
4 24 1 2 105 
4 25 1 2 102 
4 26 1 2 86 
4 27 1 2 85 
4 28 1 2 102 
4 29 1 2 102 
4 30 1 2 86 
4 31 1 2 85 
4 32 1 2 101 
4 33 1 2 166 
4 34 1 2 86 
4 35 1 2 85 
4 36 1 2 101 
4 37 1 2 102 
4 38 1 2 86 
4 39 1 2 85 
4 40 1 2 101 
4 41 1 2 101 
4 42 1 2 169 
4 43 1 2 101 
4 44 1 2 85 
4 45 1 2 85 
4 46 1 2 85 
4 47 1 2 85 
3
5 134
2 79 -1 0 -6402
4 2 1 2 0 
4 3 1 2 28 
4 5 1 2 0 
4 6 1 2 5 
4 8 1 2 131 
4 9 1 2 131 
4 10 1 2 97 
4 11 1 2 98 
4 12 1 2 97 
4 13 1 2 110 
4 14 1 2 100 
4 15 1 2 111 
4 16 1 2 110 
4 17 1 2 32 
4 18 1 2 104 
4 19 1 2 111 
4 20 1 2 112 
4 21 1 2 101 
4 22 1 2 33 
4 23 1 2 32 
4 24 1 2 89 
4 25 1 2 111 
4 26 1 2 117 
4 27 1 2 32 
4 28 1 2 109 
4 29 1 2 105 
4 30 1 2 115 
4 31 1 2 115 
4 32 1 2 101 
4 33 1 2 100 
4 34 1 2 32 
4 35 1 2 115 
4 36 1 2 111 
4 37 1 2 109 
4 38 1 2 101 
4 39 1 2 116 
4 40 1 2 104 
4 41 1 2 105 
4 42 1 2 110 
4 43 1 2 103 
4 44 1 2 32 
4 45 1 2 32 
4 46 1 2 32 
4 47 1 2 32 
3
5 135
2 89 -1 0 -6402
4 2 1 2 132 
4 3 1 2 128 
4 5 1 2 8 
4 8 1 2 0 
3
5 136
5 -6402
