4 3 1 2 65 
4 5 1 2 220 
4 6 1 2 3 
3
5 1568
2 94 -1 0 -8104
4 2 1 2 128 
4 3 1 2 66 
4 5 1 2 221 
4 6 1 2 3 
3
5 1569
2 17 -1 0 -8104
4 2 1 2 104 
4 3 1 2 138 
4 5 1 2 9 
4 1 1 2 4 
3
5 1570
5 -8104
2 2 -1 8105 -1
4 5 1 4 8106 
4 9 1 4 8104 
4 7 1 4 8109 
4 3 1 4 8101 
4 14 1 2 0 
3
2 45 -1 0 -8105
4 2 1 2 0 
4 3 1 2 4 
4 5 1 2 204 
3
5 1572
2 80 -1 0 -8105
4 2 1 2 0 
4 3 1 2 0 
4 5 1 2 0 
4 1 1 2 4 
3
5 1573
2 84 -1 0 -8105
4 2 1 2 68 
4 3 1 2 12 
4 5 1 2 104 
4 6 1 2 5 
4 8 1 2 0 
4 9 1 2 0 
3
5 1574
2 94 -1 0 -8105
4 2 1 2 100 
4 3 1 2 32 
4 5 1 2 188 
4 1 1 2 1 
3
5 1575
2 94 -1 0 -8105
4 2 1 2 32 
4 3 1 2 35 
4 5 1 2 172 
3
5 1576
2 94 -1 0 -8105
4 2 1 2 52 
4 3 1 2 134 
4 5 1 2 16 
4 1 1 2 1 
3
5 1577
2 94 -1 0 -8105
4 2 1 2 132 
4 3 1 2 44 
4 5 1 2 228 
4 1 1 2 1 
3
5 1578
2 94 -1 0 -8105
4 2 1 2 120 
4 3 1 2 133 
4 5 1 2 0 
3
5 1579
2 94 -1 0 -8105
4 2 1 2 32 
4 3 1 2 75 
4 5 1 2 188 
4 6 1 2 3 
3
5 1580
2 94 -1 0 -8105
4 2 1 2 0 
4 3 1 2 31 
4 5 1 2 64 
4 1 1 2 1 
3
5 1581
2 94 -1 0 -8105
4 2 1 2 32 
4 3 1 2 71 
4 5 1 2 189 
4 6 1 2 3 
3
5 1582
2 71 -1 0 -8105
4 2 1 2 48 
4 3 1 2 138 
4 5 1 2 0 
4 8 1 2 1 
3
5 1583
2 71 -1 0 -8105
4 2 1 2 24 
4 3 1 2 149 
4 5 1 2 32 
4 1 1 2 1 
4 8 1 2 1 
3
5 1584
2 71 -1 0 -8105
4 2 1 2 132 
4 3 1 2 139 
4 5 1 2 72 
4 1 1 2 1 
4 8 1 2 1 
3
5 1585
5 -8105
2 2 -1 8106 -1
4 5 1 4 8102 
4 9 1 4 8105 
4 7 1 4 8117 
4 3 1 4 8102 
4 14 1 2 0 
3
2 45 -1 0 -8106
4 2 1 2 0 
4 3 1 2 4 
4 5 1 2 204 
3
5 1587
2 80 -1 0 -8106
4 2 1 2 0 
4 3 1 2 0 
4 5 1 2 0 
4 1 1 2 4 
3
5 1588
2 43 -1 0 -8106
4 2 1 2 72 
4 3 1 2 131 
4 5 1 2 0 
4 6 1 2 1 
4 8 1 2 0 
4 9 1 2 0 
4 10 1 2 0 
4 11 1 2 253 
4 12 1 2 243 
4 13 1 2 255 
4 14 1 2 242 
4 15 1 2 254 
4 16 1 2 0 
4 17 1 2 0 
4 18 1 2 0 
4 19 1 2 0 
4 20 1 2 0 
4 21 1 2 0 
4 22 1 2 0 
3
2 94 -1 0 1589
4 2 1 2 0 
4 3 1 2 0 
4 5 1 2 172 
4 1 1 2 1 
4 6 1 2 3 
3
5 1590
2 94 -1 0 1589
4 2 1 2 1 
4 3 1 2 1 
4 5 1 2 172 
4 1 1 2 1 
4 6 1 2 4 
3
5 1591
2 94 -1 0 1589
4 2 1 2 2 
4 3 1 2 2 
4 5 1 2 172 
4 1 1 2 1 
3
5 1592
5 1589
2 94 -1 0 -8106
4 2 1 2 52 
4 3 1 2 40 
4 5 1 2 56 
4 1 1 2 1 
3
5 1593
2 94 -1 0 -8106
4 2 1 2 24 
4 3 1 2 42 
4 5 1 2 64 
4 1 1 2 1 
3
5 1594
2 94 -1 0 -8106
4 2 1 2 132 
4 3 1 2 40 
4 5 1 2 188 
4 1 1 2 1 
3
5 1595
2 94 -1 0 -8106
4 2 1 2 72 
4 3 1 2 34 
4 5 1 2 32 
4 1 1 2 1 
3
5 1596
2 94 -1 0 -8106
4 2 1 2 0 
4 3 1 2 40 
4 5 1 2 16 
4 1 1 2 1 
3
5 1597
2 17 -1 0 -8106
4 2 1 2 52 
4 3 1 2 131 
4 5 1 2 48 
3
5 1598
2 94 -1 0 -8106
4 2 1 2 100 
4 3 1 2 40 
4 5 1 2 72 
4 1 1 2 1 
3
5 1599
2 17 -1 0 -8106
4 2 1 2 92 
4 3 1 2 133 
4 5 1 2 48 
3
5 1600
5 -8106
2 2 -1 8107 -1
4 5 1 4 8108 
4 9 1 4 8103 
4 7 1 4 8114 
4 3 1 4 8103 
4 14 1 2 0 
3
2 45 -1 0 -8107
4 2 1 2 0 
4 3 1 2 4 
4 5 1 2 204 
3
5 1602
2 80 -1 0 -8107
4 2 1 2 0 
4 3 1 2 0 
4 5 1 2 0 
4 1 1 2 4 
3
5 1603
2 17 -1 0 -8107
4 2 1 2 24 
4 3 1 2 138 
4 5 1 2 0 
4 1 1 2 3 
3
5 1604
2 17 -1 0 -8107
4 2 1 2 60 
4 3 1 2 148 
4 5 1 2 1 
4 1 1 2 3 
3
5 1605
2 17 -1 0 -8107
4 2 1 2 84 
4 3 1 2 137 
4 5 1 2 1 
4 1 1 2 3 
3
5 1606
2 17 -1 0 -8107
4 2 1 2 100 
4 3 1 2 156 
4 5 1 2 0 
4 1 1 2 3 
4 6 1 2 1 
3
5 1607
2 17 -1 0 -8107
4 2 1 2 156 
4 3 1 2 144 
4 5 1 2 17 
4 1 1 2 3 
4 6 1 2 2 
3
5 1608
2 17 -1 0 -8107
4 2 1 2 0 
4 3 1 2 154 
4 5 1 2 0 
4 1 1 2 3 
3
5 1609
2 17 -1 0 -8107
4 2 1 2 136 
4 3 1 2 151 
4 5 1 2 0 
4 1 1 2 3 
4 6 1 2 1 
3
5 1610
5 -8107
2 2 -1 8108 -1
4 5 1 4 8109 
4 9 1 4 8107 
4 7 1 4 8115 
4 3 1 4 8104 
4 14 1 2 0 
3
2 45 -1 0 -8108
4 2 1 2 0 
4 3 1 2 4 
4 5 1 2 148 
3
5 1612
2 80 -1 0 -8108
4 2 1 2 0 
4 3 1 2 0 
4 5 1 2 220 
4 1 1 2 4 
3
5 1613
2 84 -1 0 -8108
4 2 1 2 104 
4 3 1 2 12 
4 5 1 2 104 
4 6 1 2 4 
4 8 1 2 0 
4 9 1 2 0 
3
5 1614
2 94 -1 0 -8108
4 2 1 2 132 
4 3 1 2 34 
4 5 1 2 0 
4 1 1 2 3 
3
5 1615
2 39 -1 0 -8108
4 2 1 2 40 
4 3 1 2 144 
4 5 1 2 49 
3
5 1616
2 17 -1 0 -8108
4 2 1 2 8 
4 3 1 2 138 
4 5 1 2 9 
4 1 1 2 4 
4 6 1 2 1 
3
5 1617
2 17 -1 0 -8108
4 2 1 2 80 
4 3 1 2 138 
4 5 1 2 8 
4 1 1 2 4 
4 6 1 2 1 
3
5 1618
2 17 -1 0 -8108
4 2 1 2 32 
4 3 1 2 137 
4 5 1 2 8 
4 1 1 2 4 
4 6 1 2 2 
3
5 1619
2 17 -1 0 -8108
4 2 1 2 56 
4 3 1 2 137 
4 5 1 2 8 
4 1 1 2 4 
4 6 1 2 2 
3
5 1620
2 80 -1 0 -8108
4 2 1 2 8 
4 3 1 2 83 
4 5 1 2 8 
4 1 1 2 11 
3
5 1621
2 80 -1 0 -8108
4 2 1 2 8 
4 3 1 2 78 
4 5 1 2 8 
4 1 1 2 11 
3
5 1622
2 80 -1 0 -8108
4 2 1 2 12 
4 3 1 2 75 
4 5 1 2 8 
4 1 1 2 11 
3
5 1623
2 80 -1 0 -8108
4 2 1 2 40 
4 3 1 2 82 
4 5 1 2 8 
4 1 1 2 11 
3
5 1624
2 80 -1 0 -8108
4 2 1 2 64 
4 3 1 2 85 
4 5 1 2 8 
4 1 1 2 11 
3
5 1625
5 -8108
2 2 -1 8109 -1
4 5 1 4 8110 
4 9 1 4 8108 
4 7 1 4 8116 
4 3 1 4 8105 
4 14 1 2 0 
3
2 45 -1 0 -8109
4 2 1 2 0 
4 3 1 2 4 
4 5 1 2 204 
3
5 1627
2 80 -1 0 -8109
4 2 1 2 0 
4 3 1 2 0 
4 5 1 2 0 
4 1 1 2 4 
3
5 1628
2 84 -1 0 -8109
4 2 1 2 68 
4 3 1 2 12 
4 5 1 2 104 
4 8 1 2 0 
4 9 1 2 0 
3
5 1629
2 79 -1 0 -8109
4 2 1 2 100 
4 3 1 2 35 
4 5 1 2 188 
4 1 1 2 2 
4 8 1 2 134 
4 9 1 2 139 
4 10 1 2 133 
4 11 1 2 126 
4 12 1 2 128 
4 13 1 2 127 
4 14 1 2 136 
4 15 1 2 136 
4 16 1 2 128 
4 17 1 2 137 
4 18 1 2 136 
4 19 1 2 128 
4 20 1 2 133 
4 21 1 2 128 
4 22 1 2 133 
4 23 1 2 139 
4 24 1 2 63 
4 25 1 2 32 
4 26 1 2 32 
4 27 1 2 32 
4 28 1 2 32 
4 29 1 2 32 
4 30 1 2 32 
4 31 1 2 32 
4 32 1 2 32 
4 33 1 2 32 
4 34 1 2 32 
4 35 1 2 32 
4 36 1 2 32 
4 37 1 2 32 
4 38 1 2 32 
4 39 1 2 32 
4 40 1 2 32 
4 41 1 2 32 
4 42 1 2 32 
4 43 1 2 32 
4 44 1 2 32 
4 45 1 2 32 
4 46 1 2 32 
4 47 1 2 32 
3
5 1630
2 94 -1 0 -8109
4 2 1 2 32 
4 3 1 2 35 
4 5 1 2 172 
3
5 1631
2 94 -1 0 -8109
4 2 1 2 52 
4 3 1 2 134 
4 5 1 2 16 
4 1 1 2 1 
3
5 1632
2 94 -1 0 -8109
4 2 1 2 132 
4 3 1 2 44 
4 5 1 2 64 
4 1 1 2 1 
3
5 1633
2 94 -1 0 -8109
4 2 1 2 116 
4 3 1 2 133 
4 5 1 2 56 
3
5 1634
2 94 -1 0 -8109
4 2 1 2 32 
4 3 1 2 75 
4 5 1 2 172 
4 6 1 2 3 
3
5 1635
2 94 -1 0 -8109
4 2 1 2 0 
4 3 1 2 31 
4 5 1 2 72 
4 1 1 2 1 
3
5 1636
2 94 -1 0 -8109
4 2 1 2 32 
4 3 1 2 71 
4 5 1 2 173 
4 6 1 2 3 
3
5 1637
5 -8109
2 2 -1 8110 -1
4 9 1 4 8109 
4 14 1 2 0 
3
2 45 -1 0 -8110
4 2 1 2 0 
4 3 1 2 4 
4 5 1 2 204 
3
5 1639
2 80 -1 0 -8110
4 2 1 2 0 
4 3 1 2 0 
4 5 1 2 0 
4 1 1 2 4 
3
5 1640
2 95 -1 0 -8110
4 2 1 2 72 
4 3 1 2 32 
4 5 1 2 236 
4 8 1 2 0 
4 9 1 2 0 
4 10 1 2 0 
3
2 96 -1 0 1641
4 2 1 2 0 
4 3 1 2 0 
4 5 1 2 120 
4 8 1 2 0 
4 9 1 2 0 
4 10 1 2 0 
4 11 1 2 0 
4 12 1 2 0 
3
2 49 -1 0 1642
4 2 1 2 4 
4 3 1 2 4 
4 5 1 2 0 
4 1 1 2 10 
3
5 1643
2 49 -1 0 1642
4 2 1 2 0 
4 3 1 2 0 
4 5 1 2 16 
4 1 1 2 10 
3
5 1644
2 49 -1 0 1642
4 2 1 2 5 
4 3 1 2 5 
4 5 1 2 56 
4 1 1 2 12 
4 6 1 2 1 
3
5 1645
2 49 -1 0 1642
4 2 1 2 1 
4 3 1 2 1 
4 5 1 2 0 
4 1 1 2 8 
3
5 1646
2 49 -1 0 1642
4 2 1 2 3 
4 3 1 2 3 
4 5 1 2 16 
4 1 1 2 8 
3
5 1647
2 49 -1 0 1642
4 2 1 2 2 
4 3 1 2 2 
4 5 1 2 0 
4 1 1 2 24 
3
5 1648
2 49 -1 0 1642
4 2 1 2 6 
4 3 1 2 6 
4 5 1 2 8 
4 1 1 2 24 
3
5 1649
5 1642
2 49 -1 0 1641
4 2 1 2 1 
4 3 1 2 1 
4 5 1 2 0 
4 1 1 2 12 
4 6 1 2 1 
3
5 1650
5 1641
2 17 -1 0 -8110
4 2 1 2 24 
4 3 1 2 31 
4 5 1 2 0 
4 1 1 2 3 
4 6 1 2 1 
3
5 1651
2 94 -1 0 -8110
4 2 1 2 52 
4 3 1 2 33 
4 5 1 2 64 
4 1 1 2 1 
3
5 1652
2 94 -1 0 -8110
4 2 1 2 132 
4 3 1 2 42 
4 5 1 2 188 
4 1 1 2 1 
3
5 1653
2 94 -1 0 -8110
4 2 1 2 20 
4 3 1 2 131 
4 5 1 2 148 
4 1 1 2 10 
3
5 1654
2 17 -1 0 -8110
4 2 1 2 4 
4 3 1 2 153 
4 5 1 2 16 
4 1 1 2 3 
4 6 1 2 1 
3
5 1655
2 17 -1 0 -8110
4 2 1 2 104 
4 3 1 2 131 
4 5 1 2 32 
4 1 1 2 3 
4 6 1 2 1 
3
5 1656
2 94 -1 0 -8110
4 2 1 2 124 
4 3 1 2 138 
4 5 1 2 56 
4 1 1 2 10 
3
5 1657
2 17 -1 0 -8110
4 2 1 2 36 
4 3 1 2 37 
4 5 1 2 0 
4 1 1 2 3 
4 6 1 2 1 
3
5 1658
2 94 -1 0 -8110
4 2 1 2 0 
4 3 1 2 104 
4 5 1 2 140 
4 1 1 2 9 
3
5 1659
5 -8110
2 2 -1 8111 -1
4 5 1 4 8112 
4 14 1 2 0 
3
2 45 -1 0 -8111
4 2 1 2 0 
4 3 1 2 4 
4 5 1 2 204 
4 1 1 2 1 
3
5 1661
2 97 -1 0 -8111
4 2 1 2 0 
4 3 1 2 0 
4 5 1 2 220 
4 1 1 2 6 
3
5 1662
2 98 -1 0 -8111
4 2 1 2 16 
4 3 1 2 70 
4 5 1 2 0 
4 1 1 2 3 
3
5 1663
2 98 -1 0 -8111
4 2 1 2 124 
4 3 1 2 70 
4 5 1 2 0 
4 1 1 2 3 
3
5 1664
2 28 -1 0 -8111
4 2 1 2 64 
4 3 1 2 33 
4 5 1 2 148 
4 8 1 2 2 
4 9 1 2 0 
4 10 1 2 0 
3
5 1665
2 94 -1 0 -8111
4 2 1 2 24 
4 3 1 2 129 
4 5 1 2 0 
4 1 1 2 3 
3
5 1666
2 94 -1 0 -8111
4 2 1 2 120 
4 3 1 2 149 
4 5 1 2 1 
4 1 1 2 3 
3
5 1667
5 -8111
2 2 -1 8112 -1
4 5 1 4 8113 
4 9 1 4 8111 
4 7 1 4 8113 
4 3 1 4 8107 
4 14 1 2 0 
3
2 45 -1 0 -8112
4 2 1 2 0 
4 3 1 2 4 
4 5 1 2 204 
3
5 1669
2 80 -1 0 -8112
4 2 1 2 0 
4 3 1 2 0 
4 5 1 2 0 
4 1 1 2 4 
3
5 1670
2 94 -1 0 -8112
4 2 1 2 64 
4 3 1 2 33 
4 5 1 2 188 
4 1 1 2 1 
4 6 1 2 1 
3
5 1671
2 94 -1 0 -8112
4 2 1 2 64 
4 3 1 2 53 
4 5 1 2 188 
4 1 1 2 1 
4 6 1 2 2 
3
5 1672
2 94 -1 0 -8112
4 2 1 2 100 
4 3 1 2 133 
4 5 1 2 164 
4 1 1 2 1 
3
5 1673
2 94 -1 0 -8112
4 2 1 2 8 
4 3 1 2 39 
4 5 1 2 172 
4 1 1 2 1 
4 6 1 2 1 
3
5 1674
2 94 -1 0 -8112
4 2 1 2 24 
4 3 1 2 42 
4 5 1 2 172 
4 1 1 2 1 
3
5 1675
2 94 -1 0 -8112
4 2 1 2 132 
4 3 1 2 41 
4 5 1 2 188 
4 1 1 2 1 
3
5 1676
2 94 -1 0 -8112
4 2 1 2 8 
4 3 1 2 61 
4 5 1 2 172 
4 1 1 2 1 
4 6 1 2 2 
3
5 1677
2 17 -1 0 -8112
4 2 1 2 120 
4 3 1 2 148 
4 5 1 2 64 
3
5 1678
2 17 -1 0 -8112
4 2 1 2 88 
4 3 1 2 156 
4 5 1 2 64 
3
5 1679
2 17 -1 0 -8112
4 2 1 2 20 
4 3 1 2 145 
4 5 1 2 80 
3
5 1680
2 67 -1 0 -8112
4 2 1 2 48 
4 3 1 2 138 
4 5 1 2 32 
4 1 1 2 2 
4 8 1 2 1 
3
5 1681
2 67 -1 0 -8112
4 2 1 2 136 
4 3 1 2 142 
4 5 1 2 33 
4 1 1 2 2 
4 8 1 2 1 
3
5 1682
5 -8112
2 2 -1 8113 -1
4 5 1 4 8114 
4 9 1 4 8112 
4 7 1 4 8114 
4 3 1 4 8103 
4 14 1 2 0 
3
2 17 -1 0 -8113
4 2 1 2 0 
4 3 1 2 30 
4 5 1 2 32 
4 1 1 2 4 
3
5 1684
2 97 -1 0 -8113
4 2 1 2 0 
4 3 1 2 0 
4 5 1 2 0 
4 1 1 2 4 
3
5 1685
2 45 -1 0 -8113
4 2 1 2 0 
4 3 1 2 4 
4 5 1 2 204 
3
5 1686
2 17 -1 0 -8113
4 2 1 2 32 
4 3 1 2 34 
4 5 1 2 16 
4 1 1 2 4 
4 6 1 2 2 
3
5 1687
2 17 -1 0 -8113
4 2 1 2 72 
4 3 1 2 32 
4 5 1 2 97 
4 1 1 2 4 
4 6 1 2 2 
3
5 1688
2 17 -1 0 -8113
4 2 1 2 76 
4 3 1 2 36 
4 5 1 2 16 
4 1 1 2 4 
4 6 1 2 2 
3
5 1689
2 17 -1 0 -8113
4 2 1 2 108 
4 3 1 2 34 
4 5 1 2 16 
4 1 1 2 4 
4 6 1 2 2 
3
5 1690
2 17 -1 0 -8113
4 2 1 2 136 
4 3 1 2 36 
4 5 1 2 16 
4 1 1 2 4 
4 6 1 2 2 
3
5 1691
2 94 -1 0 -8113
4 2 1 2 136 
4 3 1 2 141 
4 5 1 2 172 
4 1 1 2 10 
3
5 1692
2 17 -1 0 -8113
4 2 1 2 96 
4 3 1 2 158 
4 5 1 2 80 
4 1 1 2 4 
4 6 1 2 1 
3
5 1693
2 17 -1 0 -8113
4 2 1 2 16 
4 3 1 2 152 
4 5 1 2 24 
4 1 1 2 4 
4 6 1 2 2 
3
5 1694
2 80 -1 0 -8113
4 2 1 2 56 
4 3 1 2 96 
4 5 1 2 140 
4 1 1 2 11 
3
5 1695
2 17 -1 0 -8113
4 2 1 2 52 
4 3 1 2 141 
4 5 1 2 33 
4 1 1 2 4 
4 6 1 2 2 
3
5 1696
2 17 -1 0 -8113
4 2 1 2 84 
4 3 1 2 151 
4 5 1 2 57 
4 1 1 2 4 
4 6 1 2 2 
3
5 1697
2 17 -1 0 -8113
4 2 1 2 92 
4 3 1 2 136 
4 5 1 2 17 
4 1 1 2 4 
4 6 1 2 2 
3
5 1698
2 17 -1 0 -8113
4 2 1 2 112 
4 3 1 2 131 
4 5 1 2 17 
4 1 1 2 4 
4 6 1 2 1 
3
5 1699
2 17 -1 0 -8113
4 2 1 2 120 
4 3 1 2 141 
4 5 1 2 25 
4 1 1 2 4 
4 6 1 2 2 
3
5 1700
2 17 -1 0 -8113
4 2 1 2 64 
4 3 1 2 132 
4 5 1 2 17 
4 1 1 2 4 
4 6 1 2 2 
3
5 1701
2 17 -1 0 -8113
4 2 1 2 0 
4 3 1 2 132 
4 5 1 2 16 
4 1 1 2 4 
4 6 1 2 2 
3
5 1702
2 17 -1 0 -8113
4 2 1 2 160 
4 3 1 2 135 
4 5 1 2 97 
4 1 1 2 4 
4 6 1 2 2 
3
5 1703
2 80 -1 0 -8113
4 2 1 2 40 
4 3 1 2 90 
4 5 1 2 140 
4 1 1 2 11 
3
5 1704
2 80 -1 0 -8113
4 2 1 2 96 
4 3 1 2 105 
4 5 1 2 140 
4 1 1 2 11 
3
5 1705
5 -8113
2 2 -1 8114 -1
4 5 1 4 8115 
4 9 1 4 8113 
4 7 1 4 8118 
4 3 1 4 8107 
4 14 1 2 0 
3
2 45 -1 0 -8114
4 2 1 2 0 
4 3 1 2 4 
4 5 1 2 204 
3
5 1707
2 80 -1 0 -8114
4 2 1 2 0 
4 3 1 2 0 
4 5 1 2 0 
4 1 1 2 4 
3
5 1708
2 93 -1 0 -8114
4 2 1 2 116 
4 3 1 2 73 
4 5 1 2 196 
4 8 1 2 0 
4 9 1 2 253 
4 10 1 2 28 
4 11 1 2 3 
4 12 1 2 28 
4 13 1 2 39 
4 14 1 2 1 
4 15 1 2 15 
4 16 1 2 85 
4 17 1 2 85 
4 18 1 2 95 
4 19 1 2 85 
4 20 1 2 127 
4 21 1 2 213 
4 22 1 2 127 
4 23 1 2 213 
4 24 1 2 127 
4 25 1 2 213 
4 26 1 2 95 
4 27 1 2 85 
4 28 1 2 85 
4 29 1 2 85 
4 30 1 2 85 
4 31 1 2 85 
4 32 1 2 85 
4 33 1 2 85 
4 34 1 2 85 
4 35 1 2 85 
4 36 1 2 213 
4 37 1 2 87 
4 38 1 2 245 
4 39 1 2 95 
4 40 1 2 245 
4 41 1 2 95 
4 42 1 2 245 
4 43 1 2 95 
4 44 1 2 213 
4 45 1 2 87 
4 46 1 2 85 
4 47 1 2 85 
3
5 1709
2 94 -1 0 -8114
4 2 1 2 8 
4 3 1 2 36 
4 5 1 2 196 
4 1 1 2 10 
3
5 1710
2 94 -1 0 -8114
4 2 1 2 120 
4 3 1 2 35 
4 5 1 2 188 
3
5 1711
2 94 -1 0 -8114
4 2 1 2 0 
4 3 1 2 86 
4 5 1 2 196 
4 1 1 2 10 
4 6 1 2 3 
3
5 1712
2 94 -1 0 -8114
4 2 1 2 8 
4 3 1 2 86 
4 5 1 2 197 
4 1 1 2 10 
4 6 1 2 3 
3
5 1713
2 94 -1 0 -8114
4 2 1 2 96 
4 3 1 2 151 
4 5 1 2 64 
3
5 1714
2 94 -1 0 -8114
4 2 1 2 124 
4 3 1 2 66 
4 5 1 2 196 
4 6 1 2 3 
3
5 1715
2 94 -1 0 -8114
4 2 1 2 32 
4 3 1 2 144 
4 5 1 2 16 
4 1 1 2 1 
3
5 1716
2 94 -1 0 -8114
4 2 1 2 116 
4 3 1 2 66 
4 5 1 2 197 
4 6 1 2 3 
3
5 1717
2 94 -1 0 -8114
4 2 1 2 88 
4 3 1 2 131 
4 5 1 2 0 
4 1 1 2 7 
3
5 1718
2 94 -1 0 -8114
4 2 1 2 60 
4 3 1 2 33 
4 5 1 2 80 
3
5 1719
5 -8114
2 2 -1 8115 -1
4 5 1 4 8116 
4 9 1 4 8114 
4 7 1 4 8118 
4 3 1 4 8108 
4 14 1 2 0 
3
2 45 -1 0 -8115
4 2 1 2 0 
4 3 1 2 4 
4 5 1 2 204 
3
5 1721
2 80 -1 0 -8115
4 2 1 2 0 
4 3 1 2 0 
4 5 1 2 0 
4 1 1 2 4 
3
5 1722
2 94 -1 0 -8115
4 2 1 2 92 
4 3 1 2 56 
4 5 1 2 172 
4 1 1 2 1 
4 6 1 2 2 
3
5 1723
2 67 -1 0 -8115
4 2 1 2 24 
4 3 1 2 50 
4 5 1 2 196 
4 8 1 2 1 
3
5 1724
2 67 -1 0 -8115
4 2 1 2 96 
4 3 1 2 144 
4 5 1 2 32 
4 1 1 2 1 
4 8 1 2 1 
3
5 1725
2 67 -1 0 -8115
4 2 1 2 40 
4 3 1 2 48 
4 5 1 2 196 
4 8 1 2 1 
3
5 1726
2 67 -1 0 -8115
4 2 1 2 32 
4 3 1 2 48 
4 5 1 2 196 
4 8 1 2 1 
3
5 1727
2 67 -1 0 -8115
4 2 1 2 48 
4 3 1 2 46 
4 5 1 2 16 
4 8 1 2 1 
3
5 1728
2 94 -1 0 -8115
4 2 1 2 92 
4 3 1 2 40 
4 5 1 2 172 
4 1 1 2 1 
4 6 1 2 1 
3
5 1729
2 94 -1 0 -8115
4 2 1 2 0 
4 3 1 2 40 
4 5 1 2 188 
4 1 1 2 1 
3
5 1730
2 67 -1 0 -8115
4 2 1 2 36 
4 3 1 2 170 
4 5 1 2 16 
4 8 1 2 1 
3
5 1731
2 17 -1 0 -8115
4 2 1 2 12 
4 3 1 2 152 
4 5 1 2 32 
3
5 1732
2 67 -1 0 -8115
4 2 1 2 32 
4 3 1 2 138 
4 5 1 2 32 
4 1 1 2 1 
4 8 1 2 1 
3
5 1733
2 17 -1 0 -8115
4 2 1 2 132 
4 3 1 2 142 
4 5 1 2 40 
3
5 1734
2 67 -1 0 -8115
4 2 1 2 88 
4 3 1 2 128 
4 5 1 2 32 
4 1 1 2 1 
4 8 1 2 1 
3
5 1735
2 68 -1 0 -8115
4 2 1 2 24 
4 3 1 2 20 
4 5 1 2 0 
4 6 1 2 1 
3
5 1736
2 68 -1 0 -8115
4 2 1 2 24 
4 3 1 2 27 
4 5 1 2 0 
4 6 1 2 1 
3
5 1737
2 68 -1 0 -8115
4 2 1 2 48 
4 3 1 2 27 
4 5 1 2 0 
3
5 1738
2 68 -1 0 -8115
4 2 1 2 44 
4 3 1 2 21 
4 5 1 2 0 
4 6 1 2 1 
3
5 1739
5 -8115
2 2 -1 8116 -1
4 5 1 4 8117 
4 9 1 4 8115 
4 7 1 4 8119 
4 3 1 4 8109 
4 14 1 2 0 
3
2 45 -1 0 -8116
4 2 1 2 0 
4 3 1 2 4 
4 5 1 2 204 
3
5 1741
2 80 -1 0 -8116
4 2 1 2 0 
4 3 1 2 0 
4 5 1 2 0 
4 1 1 2 4 
3
5 1742
2 84 -1 0 -8116
4 2 1 2 68 
4 3 1 2 12 
4 5 1 2 104 
4 6 1 2 5 
4 8 1 2 0 
4 9 1 2 0 
3
5 1743
2 71 -1 0 -8116
4 2 1 2 8 
4 3 1 2 138 
4 5 1 2 8 
4 8 1 2 1 
3
5 1744
2 94 -1 0 -8116
4 2 1 2 104 
4 3 1 2 35 
4 5 1 2 172 
3
5 1745
2 94 -1 0 -8116
4 2 1 2 48 
4 3 1 2 144 
4 5 1 2 196 
4 1 1 2 1 
3
5 1746
2 94 -1 0 -8116
4 2 1 2 28 
4 3 1 2 44 
4 5 1 2 16 
4 1 1 2 1 
3
5 1747
2 94 -1 0 -8116
4 2 1 2 144 
4 3 1 2 133 
4 5 1 2 16 
3
5 1748
2 94 -1 0 -8116
4 2 1 2 108 
4 3 1 2 75 
4 5 1 2 172 
4 6 1 2 3 
3
5 1749
2 94 -1 0 -8116
4 2 1 2 0 
4 3 1 2 31 
4 5 1 2 172 
4 1 1 2 1 
3
5 1750
2 94 -1 0 -8116
4 2 1 2 100 
4 3 1 2 71 
4 5 1 2 173 
4 6 1 2 3 
3
5 1751
5 -8116
2 2 -1 8117 -1
4 5 1 4 8120 
4 9 1 4 8116 
4 7 1 4 8120 
4 3 1 4 8106 
4 14 1 2 0 
3
2 45 -1 0 -8117
4 2 1 2 0 
4 3 1 2 4 
4 5 1 2 204 
3
5 1753
2 80 -1 0 -8117
4 2 1 2 0 
4 3 1 2 0 
4 5 1 2 0 
4 1 1 2 4 
3
5 1754
2 71 -1 0 -8117
4 2 1 2 96 
4 3 1 2 148 
4 5 1 2 32 
4 8 1 2 1 
3
5 1755
2 71 -1 0 -8117
4 2 1 2 32 
4 3 1 2 138 
4 5 1 2 32 
4 8 1 2 1 
3
5 1756
2 94 -1 0 -8117
4 2 1 2 104 
4 3 1 2 35 
4 5 1 2 172 
3
5 1757
2 94 -1 0 -8117
4 2 1 2 64 
4 3 1 2 36 
4 5 1 2 196 
4 1 1 2 1 
3
5 1758
2 94 -1 0 -8117
4 2 1 2 32 
4 3 1 2 42 
4 5 1 2 164 
4 1 1 2 1 
3
5 1759
2 94 -1 0 -8117
4 2 1 2 144 
4 3 1 2 133 
4 5 1 2 16 
3
5 1760
2 94 -1 0 -8117
4 2 1 2 108 
4 3 1 2 75 
4 5 1 2 172 
4 6 1 2 3 
3
5 1761
2 94 -1 0 -8117
4 2 1 2 0 
4 3 1 2 31 
4 5 1 2 172 
4 1 1 2 1 
3
5 1762
2 94 -1 0 -8117
4 2 1 2 100 
4 3 1 2 71 
4 5 1 2 173 
4 6 1 2 3 
3
5 1763
2 71 -1 0 -8117
4 2 1 2 100 
4 3 1 2 146 
4 5 1 2 32 
4 8 1 2 1 
3
5 1764
2 94 -1 0 -8117
4 2 1 2 12 
4 3 1 2 138 
4 5 1 2 0 
4 1 1 2 7 
3
5 1765
2 94 -1 0 -8117
4 2 1 2 64 
4 3 1 2 148 
4 5 1 2 0 
4 1 1 2 7 
3
5 1766
5 -8117
2 2 -1 8118 -1
4 5 1 4 8119 
4 9 1 4 8114 
4 7 1 4 8122 
4 3 1 4 8115 
4 14 1 2 0 
3
2 45 -1 0 -8118
4 2 1 2 0 
4 3 1 2 4 
4 5 1 2 204 
3
5 1768
2 80 -1 0 -8118
4 2 1 2 0 
4 3 1 2 0 
4 5 1 2 0 
4 1 1 2 4 
3
5 1769
2 67 -1 0 -8118
4 2 1 2 40 
4 3 1 2 144 
4 5 1 2 16 
4 8 1 2 1 
3
5 1770
2 67 -1 0 -8118
4 2 1 2 68 
4 3 1 2 154 
4 5 1 2 16 
4 8 1 2 1 
3
5 1771
2 67 -1 0 -8118
4 2 1 2 92 
4 3 1 2 149 
4 5 1 2 16 
4 8 1 2 1 
3
5 1772
2 67 -1 0 -8118
4 2 1 2 48 
4 3 1 2 48 
4 5 1 2 196 
4 8 1 2 1 
3
5 1773
2 67 -1 0 -8118
4 2 1 2 8 
4 3 1 2 48 
4 5 1 2 196 
4 8 1 2 1 
3
5 1774
2 67 -1 0 -8118
4 2 1 2 88 
4 3 1 2 46 
4 5 1 2 16 
4 8 1 2 1 
3
5 1775
2 67 -1 0 -8118
4 2 1 2 100 
4 3 1 2 170 
4 5 1 2 16 
4 8 1 2 1 
3
5 1776
2 67 -1 0 -8118
4 2 1 2 128 
4 3 1 2 163 
4 5 1 2 16 
4 8 1 2 1 
3
5 1777
5 -8118
2 2 -1 8119 -1
4 5 1 4 8120 
4 9 1 4 8118 
4 7 1 4 8123 
4 3 1 4 8116 
4 14 1 2 0 
3
2 45 -1 0 -8119
4 2 1 2 0 
4 3 1 2 4 
4 5 1 2 204 
3
5 1779
2 80 -1 0 -8119
4 2 1 2 0 
4 3 1 2 0 
4 5 1 2 0 
4 1 1 2 4 
3
5 1780
2 84 -1 0 -8119
4 2 1 2 68 
4 3 1 2 12 
4 5 1 2 104 
4 6 1 2 5 
4 8 1 2 0 
4 9 1 2 0 
3
5 1781
2 94 -1 0 -8119
4 2 1 2 128 
4 3 1 2 35 
4 5 1 2 172 
3
5 1782
2 94 -1 0 -8119
4 2 1 2 56 
4 3 1 2 139 
4 5 1 2 16 
4 1 1 2 1 
3
5 1783
2 94 -1 0 -8119
4 2 1 2 32 
4 3 1 2 32 
4 5 1 2 188 
4 1 1 2 1 
3
5 1784
2 94 -1 0 -8119
4 2 1 2 132 
4 3 1 2 75 
4 5 1 2 172 
4 6 1 2 3 
3
5 1785
2 94 -1 0 -8119
4 2 1 2 0 
4 3 1 2 41 
4 5 1 2 156 
4 1 1 2 1 
3
5 1786
2 94 -1 0 -8119
4 2 1 2 124 
4 3 1 2 71 
4 5 1 2 173 
4 6 1 2 3 
3
5 1787
5 -8119
2 2 -1 8120 -1
4 5 1 4 8117 
4 9 1 4 8119 
4 7 1 4 8124 
4 3 1 4 8117 
4 14 1 2 0 
3
2 45 -1 0 -8120
4 2 1 2 0 
4 3 1 2 4 
4 5 1 2 204 
3
5 1789
2 80 -1 0 -8120
4 2 1 2 0 
4 3 1 2 0 
4 5 1 2 0 
4 1 1 2 4 
3
5 1790
2 94 -1 0 -8120
4 2 1 2 32 
4 3 1 2 129 
4 5 1 2 16 
4 1 1 2 11 
4 6 1 2 2 
3
5 1791
2 94 -1 0 -8120
4 2 1 2 52 
4 3 1 2 136 
4 5 1 2 32 
4 1 1 2 10 
3
5 1792
2 94 -1 0 -8120
4 2 1 2 32 
4 3 1 2 35 
4 5 1 2 172 
3
5 1793
2 94 -1 0 -8120
4 2 1 2 84 
4 3 1 2 40 
4 5 1 2 172 
4 1 1 2 10 
3
5 1794
2 94 -1 0 -8120
4 2 1 2 124 
4 3 1 2 44 
4 5 1 2 228 
4 1 1 2 1 
3
5 1795
2 94 -1 0 -8120
4 2 1 2 120 
4 3 1 2 133 
4 5 1 2 56 
3
5 1796
2 94 -1 0 -8120
4 2 1 2 32 
4 3 1 2 75 
4 5 1 2 188 
4 6 1 2 3 
3
5 1797
2 94 -1 0 -8120
4 2 1 2 0 
4 3 1 2 33 
4 5 1 2 72 
4 1 1 2 1 
3
5 1798
2 94 -1 0 -8120
4 2 1 2 32 
4 3 1 2 71 
4 5 1 2 189 
4 6 1 2 3 
3
5 1799
2 17 -1 0 -8120
4 2 1 2 16 
4 3 1 2 133 
4 5 1 2 40 
4 1 1 2 1 
3
5 1800
2 71 -1 0 -8120
4 2 1 2 100 
4 3 1 2 139 
4 5 1 2 88 
4 1 1 2 1 
4 8 1 2 1 
3
5 1801
2 94 -1 0 -8120
4 2 1 2 80 
4 3 1 2 129 
4 5 1 2 17 
4 1 1 2 11 
4 6 1 2 2 
3
5 1802
5 -8120
2 2 -1 8121 -1
4 5 1 4 8121 
4 9 1 4 8120 
4 7 1 4 8125 
4 3 1 4 8121 
4 14 1 2 0 
3
2 17 -1 0 -8121
4 2 1 2 8 
4 3 1 2 130 
4 5 1 2 16 
4 1 1 2 4 
3
5 1804
2 97 -1 0 -8121
4 2 1 2 0 
4 3 1 2 0 
4 5 1 2 0 
4 1 1 2 4 
3
5 1805
2 45 -1 0 -8121
4 2 1 2 0 
4 3 1 2 4 
4 5 1 2 204 
3
5 1806
2 17 -1 0 -8121
4 2 1 2 36 
4 3 1 2 131 
4 5 1 2 16 
4 1 1 2 4 
4 6 1 2 2 
3
5 1807
2 94 -1 0 -8121
4 2 1 2 16 
4 3 1 2 34 
4 5 1 2 188 
3
5 1808
2 94 -1 0 -8121
4 2 1 2 60 
4 3 1 2 36 
4 5 1 2 228 
3
5 1809
2 94 -1 0 -8121
4 2 1 2 64 
4 3 1 2 68 
4 5 1 2 228 
4 6 1 2 3 
3
5 1810
2 94 -1 0 -8121
4 2 1 2 56 
4 3 1 2 66 
4 5 1 2 229 
4 6 1 2 3 
3
5 1811
2 94 -1 0 -8121
4 2 1 2 104 
4 3 1 2 141 
4 5 1 2 172 
4 1 1 2 10 
3
5 1812
2 17 -1 0 -8121
4 2 1 2 108 
4 3 1 2 142 
4 5 1 2 17 
4 1 1 2 4 
3
5 1813
2 17 -1 0 -8121
4 2 1 2 84 
4 3 1 2 142 
4 5 1 2 16 
4 1 1 2 4 
4 6 1 2 1 
3
5 1814
2 80 -1 0 -8121
4 2 1 2 140 
4 3 1 2 100 
4 5 1 2 140 
4 1 1 2 11 
3
5 1815
2 94 -1 0 -8121
4 2 1 2 112 
4 3 1 2 30 
4 5 1 2 16 
4 1 1 2 1 
3
5 1816
5 -8121
2 2 -1 8122 -1
4 5 1 4 8123 
4 9 1 4 8122 
4 7 1 4 8122 
4 3 1 4 8118 
4 14 1 2 0 
3
2 45 -1 0 -8122
4 2 1 2 0 
4 3 1 2 4 
4 5 1 2 204 
3
5 1818
2 80 -1 0 -8122
4 2 1 2 0 
4 3 1 2 0 
4 5 1 2 0 
4 1 1 2 4 
3
5 1819
2 43 -1 0 -8122
4 2 1 2 112 
4 3 1 2 131 
4 5 1 2 0 
4 6 1 2 1 
4 8 1 2 0 
4 9 1 2 0 
4 10 1 2 0 
4 11 1 2 253 
4 12 1 2 244 
4 13 1 2 255 
4 14 1 2 244 
4 15 1 2 254 
4 16 1 2 0 
4 17 1 2 0 
4 18 1 2 0 
4 19 1 2 0 
4 20 1 2 0 
4 21 1 2 0 
4 22 1 2 0 
3
2 94 -1 0 1820
4 2 1 2 0 
4 3 1 2 0 
4 5 1 2 16 
4 1 1 2 1 
4 6 1 2 3 
3
5 1821
2 94 -1 0 1820
4 2 1 2 1 
4 3 1 2 1 
4 5 1 2 16 
4 1 1 2 1 
4 6 1 2 4 
3
5 1822
2 94 -1 0 1820
4 2 1 2 2 
4 3 1 2 2 
4 5 1 2 16 
4 1 1 2 1 
3
5 1823
5 1820
2 94 -1 0 -8122
4 2 1 2 52 
4 3 1 2 40 
4 5 1 2 172 
4 1 1 2 1 
3
5 1824
2 94 -1 0 -8122
4 2 1 2 24 
4 3 1 2 42 
4 5 1 2 56 
4 1 1 2 1 
3
5 1825
2 94 -1 0 -8122
4 2 1 2 128 
4 3 1 2 42 
4 5 1 2 188 
4 1 1 2 1 
3
5 1826
2 94 -1 0 -8122
4 2 1 2 72 
4 3 1 2 34 
4 5 1 2 32 
4 1 1 2 1 
3
5 1827
2 94 -1 0 -8122
4 2 1 2 0 
4 3 1 2 40 
4 5 1 2 8 
4 1 1 2 1 
3
5 1828
2 94 -1 0 -8122
4 2 1 2 16 
4 3 1 2 133 
4 5 1 2 188 
4 1 1 2 1 
3
5 1829
2 17 -1 0 -8122
4 2 1 2 32 
4 3 1 2 158 
4 5 1 2 32 
3
5 1830
2 94 -1 0 -8122
4 2 1 2 100 
4 3 1 2 42 
4 5 1 2 72 
4 1 1 2 1 
3
5 1831
5 -8122
2 2 -1 8123 -1
4 5 1 4 8124 
4 9 1 4 8122 
4 7 1 4 8127 
4 3 1 4 8119 
4 14 1 2 0 
3
2 45 -1 0 -8123
4 2 1 2 0 
4 3 1 2 4 
4 5 1 2 204 
3
5 1833
2 80 -1 0 -8123
4 2 1 2 0 
4 3 1 2 0 
4 5 1 2 0 
4 1 1 2 4 
3
5 1834
2 84 -1 0 -8123
4 2 1 2 68 
4 3 1 2 12 
4 5 1 2 104 
4 6 1 2 12 
4 8 1 2 0 
4 9 1 2 0 
3
5 1835
2 79 -1 0 -8123
4 2 1 2 104 
4 3 1 2 32 
4 5 1 2 188 
4 1 1 2 2 
4 8 1 2 134 
4 9 1 2 128 
4 10 1 2 82 
4 11 1 2 69 
4 12 1 2 83 
4 13 1 2 84 
4 14 1 2 134 
4 15 1 2 128 
4 16 1 2 65 
4 17 1 2 82 
4 18 1 2 69 
4 19 1 2 65 
4 20 1 2 134 
4 21 1 2 32 
4 22 1 2 128 
4 23 1 2 133 
4 24 1 2 127 
4 25 1 2 32 
4 26 1 2 32 
4 27 1 2 32 
4 28 1 2 32 
4 29 1 2 32 
4 30 1 2 32 
4 31 1 2 32 
4 32 1 2 32 
4 33 1 2 32 
4 34 1 2 32 
4 35 1 2 32 
4 36 1 2 32 
4 37 1 2 32 
4 38 1 2 32 
4 39 1 2 32 
4 40 1 2 32 
4 41 1 2 32 
4 42 1 2 32 
4 43 1 2 32 
4 44 1 2 32 
4 45 1 2 32 
4 46 1 2 32 
4 47 1 2 32 
3
5 1836
2 94 -1 0 -8123
4 2 1 2 32 
4 3 1 2 35 
4 5 1 2 172 
3
5 1837
2 94 -1 0 -8123
4 2 1 2 24 
4 3 1 2 134 
4 5 1 2 16 
4 1 1 2 1 
3
5 1838
2 94 -1 0 -8123
4 2 1 2 132 
4 3 1 2 44 
4 5 1 2 204 
4 1 1 2 1 
3
5 1839
2 94 -1 0 -8123
4 2 1 2 144 
4 3 1 2 133 
4 5 1 2 16 
3
5 1840
2 94 -1 0 -8123
4 2 1 2 32 
4 3 1 2 75 
4 5 1 2 172 
4 6 1 2 3 
3
5 1841
2 94 -1 0 -8123
4 2 1 2 0 
4 3 1 2 31 
4 5 1 2 172 
4 1 1 2 1 
3
5 1842
2 94 -1 0 -8123
4 2 1 2 32 
4 3 1 2 71 
4 5 1 2 173 
4 6 1 2 3 
3
5 1843
5 -8123
2 2 -1 8124 -1
4 5 1 4 8125 
4 9 1 4 8123 
4 7 1 4 8128 
4 3 1 4 8120 
4 14 1 2 0 
3
2 45 -1 0 -8124
4 2 1 2 0 
4 3 1 2 4 
4 5 1 2 204 
3
5 1845
2 80 -1 0 -8124
4 2 1 2 0 
4 3 1 2 0 
4 5 1 2 0 
4 1 1 2 4 
3
5 1846
2 45 -1 0 -8124
4 2 1 2 64 
4 3 1 2 4 
4 5 1 2 172 
3
5 1847
2 77 -1 0 -8124
4 2 1 2 108 
4 3 1 2 141 
4 5 1 2 16 
4 1 1 2 5 
4 6 1 2 7 
4 8 1 2 75 
4 9 1 2 69 
4 10 1 2 69 
4 11 1 2 80 
4 12 1 2 32 
4 13 1 2 79 
4 14 1 2 70 
4 15 1 2 70 
4 16 1 2 32 
4 17 1 2 32 
3
5 1848
2 41 -1 0 -8124
4 2 1 2 44 
4 3 1 2 144 
4 5 1 2 220 
4 8 1 2 3 
4 9 1 2 0 
4 10 1 2 0 
3
5 1849
5 -8124
2 2 -1 8125 -1
4 5 1 4 8129 
4 9 1 4 8124 
4 7 1 4 8129 
4 3 1 4 8121 
4 14 1 2 0 
3
2 45 -1 0 -8125
4 2 1 2 0 
4 3 1 2 4 
4 5 1 2 204 
3
5 1851
2 80 -1 0 -8125
4 2 1 2 0 
4 3 1 2 0 
4 5 1 2 0 
4 1 1 2 4 
3
5 1852
2 94 -1 0 -8125
4 2 1 2 92 
4 3 1 2 33 
4 5 1 2 236 
4 6 1 2 1 
3
5 1853
2 71 -1 0 -8125
4 2 1 2 8 
4 3 1 2 138 
4 5 1 2 32 
4 8 1 2 1 
3
5 1854
2 94 -1 0 -8125
4 2 1 2 40 
4 3 1 2 35 
4 5 1 2 172 
3
5 1855
2 94 -1 0 -8125
4 2 1 2 88 
4 3 1 2 57 
4 5 1 2 188 
4 6 1 2 3 
3
5 1856
2 94 -1 0 -8125
4 2 1 2 92 
4 3 1 2 57 
4 5 1 2 189 
4 6 1 2 3 
3
5 1857
2 94 -1 0 -8125
4 2 1 2 128 
4 3 1 2 33 
4 5 1 2 220 
3
5 1858
2 94 -1 0 -8125
4 2 1 2 44 
4 3 1 2 75 
4 5 1 2 172 
4 6 1 2 3 
3
5 1859
2 94 -1 0 -8125
4 2 1 2 108 
4 3 1 2 141 
4 5 1 2 32 
3
5 1860
2 94 -1 0 -8125
4 2 1 2 36 
4 3 1 2 71 
4 5 1 2 173 
4 6 1 2 3 
3
5 1861
2 17 -1 0 -8125
4 2 1 2 24 
4 3 1 2 138 
4 5 1 2 40 
3
5 1862
2 17 -1 0 -8125
4 2 1 2 44 
4 3 1 2 136 
4 5 1 2 64 
3
5 1863
2 17 -1 0 -8125
4 2 1 2 136 
4 3 1 2 146 
4 5 1 2 80 
3
5 1864
2 67 -1 0 -8125
4 2 1 2 4 
4 3 1 2 148 
4 5 1 2 32 
4 1 1 2 2 
4 8 1 2 1 
3
5 1865
2 67 -1 0 -8125
4 2 1 2 80 
4 3 1 2 145 
4 5 1 2 32 
4 1 1 2 2 
4 8 1 2 1 
3
5 1866
2 67 -1 0 -8125
4 2 1 2 100 
4 3 1 2 135 
4 5 1 2 33 
4 1 1 2 2 
4 8 1 2 1 
3
5 1867
5 -8125
2 2 -1 8126 -1
4 5 1 4 8127 
4 9 1 4 8126 
4 7 1 4 8130 
4 3 1 4 8126 
4 14 1 2 0 
3
2 45 -1 0 -8126
4 2 1 2 0 
4 3 1 2 4 
4 5 1 2 204 
3
5 1869
2 80 -1 0 -8126
4 2 1 2 0 
4 3 1 2 0 
4 5 1 2 0 
4 1 1 2 4 
3
5 1870
2 94 -1 0 -8126
4 2 1 2 64 
4 3 1 2 33 
4 5 1 2 188 
4 1 1 2 1 
4 6 1 2 1 
3
5 1871
2 94 -1 0 -8126
4 2 1 2 64 
4 3 1 2 53 
4 5 1 2 188 
4 1 1 2 1 
4 6 1 2 2 
3
5 1872
2 94 -1 0 -8126
4 2 1 2 100 
4 3 1 2 133 
4 5 1 2 148 
4 1 1 2 1 
3
5 1873
2 94 -1 0 -8126
4 2 1 2 8 
4 3 1 2 39 
4 5 1 2 172 
4 1 1 2 1 
4 6 1 2 1 
3
5 1874
2 94 -1 0 -8126
4 2 1 2 24 
4 3 1 2 42 
4 5 1 2 172 
4 1 1 2 1 
3
5 1875
2 94 -1 0 -8126
4 2 1 2 132 
4 3 1 2 41 
4 5 1 2 188 
4 1 1 2 1 
3
5 1876
2 94 -1 0 -8126
4 2 1 2 8 
4 3 1 2 61 
4 5 1 2 172 
4 1 1 2 1 
4 6 1 2 2 
3
5 1877
2 17 -1 0 -8126
4 2 1 2 120 
4 3 1 2 148 
4 5 1 2 64 
3
5 1878
2 17 -1 0 -8126
4 2 1 2 88 
4 3 1 2 156 
4 5 1 2 64 
3
5 1879
2 17 -1 0 -8126
4 2 1 2 20 
4 3 1 2 145 
4 5 1 2 80 
3
5 1880
5 -8126
2 2 -1 8127 -1
4 5 1 4 8128 
4 9 1 4 8126 
4 7 1 4 8131 
4 3 1 4 8123 
4 14 1 2 0 
3
2 45 -1 0 -8127
4 2 1 2 0 
4 3 1 2 4 
4 5 1 2 204 
3
5 1882
2 80 -1 0 -8127
4 2 1 2 0 
4 3 1 2 0 
4 5 1 2 0 
4 1 1 2 4 
3
5 1883
2 84 -1 0 -8127
4 2 1 2 68 
4 3 1 2 12 
4 5 1 2 104 
4 6 1 2 5 
4 8 1 2 0 
4 9 1 2 0 
3
5 1884
2 94 -1 0 -8127
4 2 1 2 140 
4 3 1 2 130 
4 5 1 2 32 
4 1 1 2 1 
3
5 1885
2 94 -1 0 -8127
4 2 1 2 52 
4 3 1 2 40 
4 5 1 2 196 
4 1 1 2 1 
3
5 1886
2 94 -1 0 -8127
4 2 1 2 24 
4 3 1 2 42 
4 5 1 2 16 
4 1 1 2 1 
3
5 1887
2 94 -1 0 -8127
4 2 1 2 128 
4 3 1 2 42 
4 5 1 2 48 
4 1 1 2 1 
3
5 1888
2 94 -1 0 -8127
4 2 1 2 92 
4 3 1 2 40 
4 5 1 2 188 
4 1 1 2 1 
3
5 1889
2 94 -1 0 -8127
4 2 1 2 0 
4 3 1 2 40 
4 5 1 2 16 
4 1 1 2 1 
3
5 1890
2 94 -1 0 -8127
4 2 1 2 16 
4 3 1 2 133 
4 5 1 2 236 
4 1 1 2 1 
3
5 1891
2 17 -1 0 -8127
4 2 1 2 32 
4 3 1 2 152 
4 5 1 2 32 
3
5 1892
2 67 -1 0 -8127
4 2 1 2 32 
4 3 1 2 138 
4 5 1 2 32 
4 1 1 2 1 
4 8 1 2 1 
3
5 1893
2 17 -1 0 -8127
4 2 1 2 108 
4 3 1 2 35 
4 5 1 2 40 
3
5 1894
2 67 -1 0 -8127
4 2 1 2 112 
4 3 1 2 138 
4 5 1 2 32 
4 1 1 2 1 
4 8 1 2 1 
3
5 1895
5 -8127
2 2 -1 8128 -1
4 5 1 4 8129 
4 9 1 4 8127 
4 7 1 4 8129 
4 3 1 4 8124 
4 14 1 2 0 
3
2 45 -1 0 -8128
4 2 1 2 0 
4 3 1 2 4 
4 5 1 2 204 
3
5 1897
2 80 -1 0 -8128
4 2 1 2 0 
4 3 1 2 0 
4 5 1 2 0 
4 1 1 2 4 
3
5 1898
2 94 -1 0 -8128
4 2 1 2 88 
4 3 1 2 33 
4 5 1 2 236 
4 6 1 2 1 
3
5 1899
2 71 -1 0 -8128
4 2 1 2 8 
4 3 1 2 138 
4 5 1 2 32 
4 8 1 2 1 
3
5 1900
2 94 -1 0 -8128
4 2 1 2 40 
4 3 1 2 35 
4 5 1 2 172 
3
5 1901
2 94 -1 0 -8128
4 2 1 2 88 
4 3 1 2 57 
4 5 1 2 196 
4 6 1 2 3 
3
5 1902
2 94 -1 0 -8128
4 2 1 2 84 
4 3 1 2 57 
4 5 1 2 197 
4 6 1 2 3 
3
5 1903
2 94 -1 0 -8128
4 2 1 2 128 
4 3 1 2 33 
4 5 1 2 220 
4 6 1 2 1 
3
5 1904
2 94 -1 0 -8128
4 2 1 2 44 
4 3 1 2 75 
4 5 1 2 164 
4 6 1 2 3 
3
5 1905
2 94 -1 0 -8128
4 2 1 2 20 
4 3 1 2 141 
4 5 1 2 8 
3
5 1906
2 94 -1 0 -8128
4 2 1 2 36 
4 3 1 2 71 
4 5 1 2 165 
4 6 1 2 3 
3
5 1907
2 17 -1 0 -8128
4 2 1 2 40 
4 3 1 2 138 
4 5 1 2 48 
3
5 1908
2 17 -1 0 -8128
4 2 1 2 84 
4 3 1 2 136 
4 5 1 2 72 
3
5 1909
2 17 -1 0 -8128
4 2 1 2 136 
4 3 1 2 146 
4 5 1 2 80 
3
5 1910
2 67 -1 0 -8128
4 2 1 2 4 
4 3 1 2 148 
4 5 1 2 32 
4 1 1 2 2 
4 8 1 2 1 
3
5 1911
2 67 -1 0 -8128
4 2 1 2 100 
4 3 1 2 135 
4 5 1 2 33 
4 1 1 2 2 
4 8 1 2 1 
3
5 1912
2 94 -1 0 -8128
4 2 1 2 128 
4 3 1 2 65 
4 5 1 2 220 
4 6 1 2 3 
3
5 1913
2 94 -1 0 -8128
4 2 1 2 128 
4 3 1 2 66 
4 5 1 2 221 
4 6 1 2 3 
3
5 1914
2 17 -1 0 -8128
4 2 1 2 104 
4 3 1 2 138 
4 5 1 2 9 
4 1 1 2 4 
3
5 1915
5 -8128
2 2 -1 8129 -1
4 5 1 4 8125 
4 9 1 4 8128 
4 7 1 4 8128 
4 3 1 4 8125 
4 14 1 2 0 
3
2 45 -1 0 -8129
4 2 1 2 0 
4 3 1 2 4 
4 5 1 2 204 
3
5 1917
2 80 -1 0 -8129
4 2 1 2 0 
4 3 1 2 0 
4 5 1 2 0 
4 1 1 2 4 
3
5 1918
2 94 -1 0 -8129
4 2 1 2 36 
4 3 1 2 36 
4 5 1 2 188 
4 1 1 2 10 
3
5 1919
2 94 -1 0 -8129
4 2 1 2 104 
4 3 1 2 35 
4 5 1 2 172 
3
5 1920
2 94 -1 0 -8129
4 2 1 2 24 
4 3 1 2 86 
4 5 1 2 188 
4 1 1 2 10 
4 6 1 2 3 
3
5 1921
2 94 -1 0 -8129
4 2 1 2 32 
4 3 1 2 86 
4 5 1 2 189 
4 1 1 2 10 
4 6 1 2 3 
3
5 1922
2 94 -1 0 -8129
4 2 1 2 144 
4 3 1 2 133 
4 5 1 2 16 
3
5 1923
2 94 -1 0 -8129
4 2 1 2 108 
4 3 1 2 75 
4 5 1 2 172 
4 6 1 2 3 
3
5 1924
2 94 -1 0 -8129
4 2 1 2 4 
4 3 1 2 141 
4 5 1 2 188 
4 1 1 2 1 
3
5 1925
2 94 -1 0 -8129
4 2 1 2 100 
4 3 1 2 71 
4 5 1 2 173 
4 6 1 2 3 
3
5 1926
2 94 -1 0 -8129
4 2 1 2 56 
4 3 1 2 141 
4 5 1 2 188 
4 1 1 2 1 
3
5 1927
2 94 -1 0 -8129
4 2 1 2 88 
4 3 1 2 140 
4 5 1 2 0 
4 1 1 2 7 
3
5 1928
5 -8129
2 2 -1 8130 -1
4 5 1 4 8131 
4 9 1 4 8130 
4 7 1 4 8130 
4 3 1 4 8126 
4 14 1 2 0 
3
2 45 -1 0 -8130
4 2 1 2 0 
4 3 1 2 4 
4 5 1 2 204 
3
5 1930
2 80 -1 0 -8130
4 2 1 2 0 
4 3 1 2 0 
4 5 1 2 0 
4 1 1 2 4 
3
5 1931
2 94 -1 0 -8130
4 2 1 2 16 
4 3 1 2 148 
4 5 1 2 252 
4 1 1 2 6 
3
5 1932
2 71 -1 0 -8130
4 2 1 2 52 
4 3 1 2 138 
4 5 1 2 32 
4 8 1 2 1 
3
5 1933
2 94 -1 0 -8130
4 2 1 2 64 
4 3 1 2 33 
4 5 1 2 252 
4 1 1 2 6 
4 6 1 2 1 
3
5 1934
2 94 -1 0 -8130
4 2 1 2 56 
4 3 1 2 62 
4 5 1 2 236 
4 1 1 2 6 
4 6 1 2 2 
3
5 1935
2 94 -1 0 -8130
4 2 1 2 92 
4 3 1 2 23 
4 5 1 2 64 
4 1 1 2 6 
3
5 1936
2 80 -1 0 -8130
4 2 1 2 120 
4 3 1 2 90 
4 5 1 2 140 
4 1 1 2 11 
3
5 1937
2 17 -1 0 -8130
4 2 1 2 112 
4 3 1 2 138 
4 5 1 2 9 
4 1 1 2 4 
4 6 1 2 2 
3
5 1938
2 17 -1 0 -8130
4 2 1 2 40 
4 3 1 2 147 
4 5 1 2 56 
3
5 1939
2 17 -1 0 -8130
4 2 1 2 124 
4 3 1 2 133 
4 5 1 2 96 
3
5 1940
2 67 -1 0 -8130
4 2 1 2 60 
4 3 1 2 148 
4 5 1 2 32 
4 1 1 2 2 
4 8 1 2 1 
3
5 1941
2 67 -1 0 -8130
4 2 1 2 72 
4 3 1 2 135 
4 5 1 2 33 
4 1 1 2 2 
4 8 1 2 1 
3
5 1942
2 17 -1 0 -8130
4 2 1 2 128 
4 3 1 2 138 
4 5 1 2 9 
4 1 1 2 4 
3
5 1943
5 -8130
2 2 -1 8131 -1
4 5 1 4 8132 
4 9 1 4 8130 
4 7 1 4 8132 
4 3 1 4 8127 
4 14 1 2 0 
3
2 45 -1 0 -8131
4 2 1 2 0 
4 3 1 2 4 
4 5 1 2 204 
3
5 1945
2 80 -1 0 -8131
4 2 1 2 0 
4 3 1 2 0 
4 5 1 2 0 
4 1 1 2 4 
3
5 1946
2 94 -1 0 -8131
4 2 1 2 136 
4 3 1 2 58 
4 5 1 2 172 
4 1 1 2 1 
4 6 1 2 2 
3
5 1947
2 67 -1 0 -8131
4 2 1 2 80 
4 3 1 2 154 
4 5 1 2 16 
4 8 1 2 1 
3
5 1948
2 94 -1 0 -8131
4 2 1 2 136 
4 3 1 2 40 
4 5 1 2 172 
4 1 1 2 1 
4 6 1 2 1 
3
5 1949
2 67 -1 0 -8131
4 2 1 2 40 
4 3 1 2 48 
4 5 1 2 196 
4 8 1 2 1 
3
5 1950
2 67 -1 0 -8131
4 2 1 2 32 
4 3 1 2 48 
4 5 1 2 196 
4 8 1 2 1 
3
5 1951
2 67 -1 0 -8131
4 2 1 2 60 
4 3 1 2 46 
4 5 1 2 16 
4 8 1 2 1 
3
5 1952
2 94 -1 0 -8131
4 2 1 2 92 
4 3 1 2 38 
4 5 1 2 172 
4 1 1 2 1 
3
5 1953
2 94 -1 0 -8131
4 2 1 2 0 
4 3 1 2 40 
4 5 1 2 236 
4 1 1 2 1 
3
5 1954
2 67 -1 0 -8131
4 2 1 2 68 
4 3 1 2 170 
4 5 1 2 16 
4 8 1 2 1 
3
5 1955
2 67 -1 0 -8131
4 2 1 2 36 
4 3 1 2 143 
4 5 1 2 32 
4 1 1 2 1 
4 8 1 2 1 
3
5 1956
2 67 -1 0 -8131
4 2 1 2 116 
4 3 1 2 163 
4 5 1 2 16 
4 8 1 2 1 
3
5 1957
2 67 -1 0 -8131
4 2 1 2 52 
4 3 1 2 128 
4 5 1 2 32 
4 1 1 2 1 
4 8 1 2 1 
3
5 1958
2 71 -1 0 -8131
4 2 1 2 112 
4 3 1 2 154 
4 5 1 2 32 
4 8 1 2 1 
3
5 1959
2 94 -1 0 -8131
4 2 1 2 88 
4 3 1 2 54 
4 5 1 2 172 
4 1 1 2 1 
4 6 1 2 3 
3
5 1960
2 94 -1 0 -8131
4 2 1 2 100 
4 3 1 2 54 
4 5 1 2 173 
4 1 1 2 1 
4 6 1 2 3 
3
5 1961
5 -8131
2 2 -1 8132 -1
4 5 1 4 8132 
4 9 1 4 8131 
4 7 1 4 8131 
4 3 1 4 8132 
4 14 1 2 0 
3
2 45 -1 0 -8132
4 2 1 2 0 
4 3 1 2 4 
4 5 1 2 204 
3
5 1963
2 80 -1 0 -8132
4 2 1 2 0 
4 3 1 2 0 
4 5 1 2 0 
4 1 1 2 4 
3
5 1964
2 71 -1 0 -8132
4 2 1 2 96 
4 3 1 2 148 
4 5 1 2 32 
4 8 1 2 1 
3
5 1965
2 71 -1 0 -8132
4 2 1 2 32 
4 3 1 2 138 
4 5 1 2 32 
4 8 1 2 1 
3
5 1966
2 94 -1 0 -8132
4 2 1 2 104 
4 3 1 2 35 
4 5 1 2 172 
3
5 1967
2 94 -1 0 -8132
4 2 1 2 64 
4 3 1 2 144 
4 5 1 2 140 
4 1 1 2 1 
3
5 1968
2 94 -1 0 -8132
4 2 1 2 32 
4 3 1 2 32 
4 5 1 2 164 
4 1 1 2 1 
3
5 1969
2 94 -1 0 -8132
4 2 1 2 144 
4 3 1 2 33 
4 5 1 2 16 
3
5 1970
2 94 -1 0 -8132
4 2 1 2 108 
4 3 1 2 75 
4 5 1 2 172 
4 6 1 2 3 
3
5 1971
2 94 -1 0 -8132
4 2 1 2 0 
4 3 1 2 31 
4 5 1 2 172 
4 1 1 2 1 
3
5 1972
2 94 -1 0 -8132
4 2 1 2 100 
4 3 1 2 71 
4 5 1 2 173 
4 6 1 2 3 
3
5 1973
2 71 -1 0 -8132
4 2 1 2 100 
4 3 1 2 146 
4 5 1 2 32 
4 8 1 2 1 
3
5 1974
2 94 -1 0 -8132
4 2 1 2 96 
4 3 1 2 138 
4 5 1 2 1 
4 1 1 2 7 
3
5 1975
2 94 -1 0 -8132
4 2 1 2 48 
4 3 1 2 148 
4 5 1 2 16 
4 1 1 2 1 
3
5 1976
5 -8132
