1 1
2 -1 -1 -1 0
4 1 1 2 0 
4 2 1 2 0 
4 3 1 2 128 
4 4 1 2 0 
4 5 1 2 0 
4 6 1 2 0 
3
5 1
1 2
2 -1 0 -1 0
4 1 1 2 0 
4 2 1 2 32 
4 3 4 4 -1 4 -1 4 -1 4 -1 
4 11 1 2 0 
4 12 1 4 -1 
4 14 1 2 0 
3
5 2
1 3
2 1 1 -1 0
4 7 1 2 8 
4 8 1 2 0 
4 9 1 2 0 
4 10 1 2 255 
4 11 1 2 0 
4 12 3 2 85 2 119 2 51 
4 15 1 4 2000 
4 17 1 4 0 
3
5 3
1 4
2 1 2 -1 0
4 8 1 2 1 
3
5 4
1 5
2 1 129 -1 0
4 7 1 2 28 
4 6 1 2 1 
4 8 1 2 0 
3
5 5
1 6
2 1 4 -1 0
4 7 1 2 16 
3
5 6
1 7
2 1 6 -1 0
4 7 1 2 2 
4 6 1 2 1 
4 8 1 2 3 
4 9 2 2 0 2 0 
3
5 7
1 8
2 1 7 -1 0
3
5 8
1 9
2 1 130 -1 0
4 8 1 2 3 
3
5 9
1 10
2 1 10 -1 0
4 8 1 2 1 
4 9 1 2 0 
4 10 1 4 -1 
3
5 10
1 11
2 1 12 -1 0
4 7 1 2 12 
4 6 1 2 1 
4 8 1 2 1 
3
5 11
1 12
2 1 13 -1 0
4 7 1 2 20 
4 6 1 2 1 
4 8 1 2 3 
4 9 2 2 0 2 0 
3
5 12
1 13
2 1 131 -1 0
4 8 1 2 1 
4 9 1 2 1 
3
5 13
1 14
2 1 132 -1 0
3
5 14
1 15
2 1 132 -1 0
3
5 15
1 16
2 1 133 -1 0
4 7 1 2 12 
3
5 16
1 17
2 1 134 -1 0
4 7 1 2 24 
4 8 1 2 3 
3
5 17
1 18
2 1 84 -1 0
3
5 18
1 19
2 1 135 -1 0
4 8 1 2 2 
4 9 2 2 0 2 0 
3
5 19
1 20
2 1 16 -1 0
3
5 20
1 21
2 1 136 -1 0
4 8 1 4 0 
3
5 21
1 22
2 1 17 -1 0
4 7 1 2 12 
3
5 22
1 23
2 1 137 -1 0
4 8 1 2 3 
3
5 23
1 24
2 1 18 -1 0
4 8 1 2 3 
4 9 2 2 0 2 0 
3
5 24
1 25
2 1 20 -1 0
3
5 25
1 26
2 1 22 -1 0
4 8 1 2 3 
4 9 2 2 0 2 0 
3
5 26
1 27
2 1 23 -1 0
4 8 1 2 2 
4 9 2 2 0 2 0 
3
5 27
1 28
2 1 24 -1 0
4 7 1 2 16 
3
5 28
1 29
2 1 25 -1 0
4 8 1 2 10 
4 9 1 2 1 
3
5 29
1 30
2 1 26 -1 0
4 7 1 2 12 
4 8 1 2 5 
3
5 30
1 31
2 1 27 -1 0
4 8 1 2 0 
3
5 31
1 32
2 1 138 -1 0
3
5 32
1 33
2 1 29 -1 0
4 7 1 2 4 
4 8 1 2 0 
3
5 33
1 34
2 1 30 -1 0
4 7 1 2 16 
4 8 1 2 0 
3
5 34
1 35
2 1 139 -1 0
4 8 1 2 0 
3
5 35
1 36
2 1 93 -1 0
3
5 36
1 37
2 1 140 -1 0
4 8 1 4 0 
3
5 37
1 38
2 1 141 -1 0
3
5 38
1 39
2 1 31 -1 0
3
5 39
1 40
2 1 32 -1 0
4 7 1 2 16 
4 6 1 2 1 
4 8 1 2 3 
4 9 2 2 0 2 0 
3
5 40
1 41
2 1 33 -1 0
4 8 1 2 1 
3
5 41
1 42
2 1 35 -1 0
4 8 1 2 0 
3
5 42
1 43
2 1 36 -1 0
3
5 43
1 44
2 1 37 -1 0
4 7 1 2 12 
3
5 44
1 45
2 1 38 -1 0
3
5 45
1 46
2 1 39 -1 0
3
5 46
1 47
2 1 127 -1 0
3
5 47
1 48
2 1 88 -1 0
4 8 1 2 2 
4 9 2 2 0 2 0 
3
5 48
1 49
2 1 144 -1 0
3
5 49
1 50
2 1 143 -1 0
3
5 50
1 51
2 1 40 -1 0
4 8 1 2 1 
3
5 51
1 52
2 1 145 -1 0
4 8 1 2 0 
4 9 1 2 0 
4 10 1 4 0 
4 12 1 2 -1 
4 13 1 2 1 
4 14 1 4 -1 
4 16 1 2 0 
3
5 52
1 53
2 1 42 -1 0
4 7 1 2 8 
4 8 2 2 255 2 255 
3
5 53
1 54
2 1 43 -1 0
4 7 1 2 3 
4 8 1 2 0 
4 9 1 2 0 
3
5 54
1 55
2 1 44 -1 0
4 7 1 2 24 
3
5 55
1 56
2 1 45 -1 0
4 8 1 2 0 
4 9 1 2 0 
3
5 56
1 57
2 1 46 -1 0
4 7 1 2 4 
4 8 1 2 1 
3
5 57
1 58
2 1 47 -1 0
4 8 1 2 1 
3
5 58
1 59
2 1 48 -1 0
4 8 1 2 0 
4 9 1 4 -1 
3
5 59
1 60
2 1 49 -1 0
4 8 1 4 -1 
3
5 60
1 61
2 1 52 -1 0
4 8 1 2 0 
3
5 61
1 62
2 1 54 -1 0
4 7 1 2 8 
3
5 62
1 63
2 1 152 -1 0
4 8 1 2 1 
4 9 1 2 0 
3
5 63
1 64
2 1 58 -1 0
4 7 1 2 20 
4 8 1 2 1 
3
5 64
1 65
2 1 147 -1 0
3
5 65
1 66
2 1 60 -1 0
4 8 1 2 1 
3
5 66
1 67
2 1 148 -1 0
3
5 67
1 68
2 1 61 -1 0
4 7 1 2 8 
4 8 1 2 0 
3
5 68
1 69
2 1 149 -1 0
3
5 69
1 70
2 1 150 -1 0
4 8 1 2 0 
4 9 2 2 0 2 0 
3
5 70
1 71
2 1 63 -1 0
4 8 1 2 0 
3
5 71
1 72
2 1 64 -1 0
4 7 1 2 8 
3
5 72
1 73
2 1 90 -1 0
3
5 73
1 74
2 1 56 -1 0
3
5 74
1 75
2 1 89 -1 0
3
5 75
1 76
2 1 57 -1 0
3
5 76
1 77
2 1 69 -1 0
3
5 77
1 78
2 1 91 -1 0
3
5 78
1 79
2 1 70 -1 0
4 7 1 2 20 
4 8 1 2 0 
4 9 1 2 0 
3
5 79
1 80
2 1 153 -1 0
3
5 80
1 81
2 1 154 -1 0
3
5 81
1 82
2 1 155 -1 0
4 8 1 2 3 
4 9 2 2 0 2 0 
3
5 82
1 83
2 1 71 -1 0
4 7 1 2 12 
4 8 1 4 -1 
3
5 83
1 84
2 1 74 -1 0
4 8 1 2 0 
4 9 2 2 0 2 0 
4 11 1 4 0 
3
5 84
1 85
2 1 75 -1 0
4 8 1 2 0 
3
5 85
1 86
2 1 76 -1 0
4 8 1 2 1 
3
5 86
1 87
2 1 87 -1 0
3
5 87
1 88
2 1 92 -1 0
3
5 88
1 89
2 1 156 -1 0
4 7 1 2 20 
3
5 89
1 90
2 1 86 -1 0
3
5 90
1 91
2 1 85 -1 0
3
5 91
1 92
2 1 80 -1 0
3
5 92
1 93
2 1 157 -1 0
4 7 1 2 20 
3
5 93
1 94
2 1 82 -1 0
4 8 1 2 0 
3
5 94
2 2 -1 6002 -1
4 5 1 4 6003 
4 9 1 4 6010 
4 7 1 4 6010 
4 3 1 4 6003 
4 14 1 2 0 
3
2 43 -1 0 -6002
4 2 1 2 0 
4 3 1 2 4 
4 5 1 2 204 
4 1 1 2 1 
3
5 96
2 77 -1 0 -6002
4 2 1 2 0 
4 3 1 2 0 
4 5 1 2 0 
4 1 1 2 4 
3
5 97
2 89 -1 0 -6002
4 2 1 2 16 
4 3 1 2 30 
4 5 1 2 172 
4 1 1 2 1 
4 6 1 2 1 
3
5 98
2 89 -1 0 -6002
4 2 1 2 88 
4 3 1 2 43 
4 5 1 2 188 
4 1 1 2 1 
4 6 1 2 2 
3
5 99
2 89 -1 0 -6002
4 2 1 2 36 
4 3 1 2 84 
4 5 1 2 196 
4 1 1 2 10 
4 6 1 2 2 
3
5 100
2 89 -1 0 -6002
4 2 1 2 128 
4 3 1 2 130 
4 5 1 2 188 
4 1 1 2 1 
3
5 101
2 89 -1 0 -6002
4 2 1 2 112 
4 3 1 2 31 
4 5 1 2 188 
4 1 1 2 10 
3
5 102
2 89 -1 0 -6002
4 2 1 2 88 
4 3 1 2 30 
4 5 1 2 188 
4 1 1 2 1 
4 6 1 2 1 
3
5 103
2 89 -1 0 -6002
4 2 1 2 16 
4 3 1 2 35 
4 5 1 2 196 
4 1 1 2 1 
4 6 1 2 2 
3
5 104
2 89 -1 0 -6002
4 2 1 2 56 
4 3 1 2 132 
4 5 1 2 196 
4 1 1 2 10 
3
5 105
2 89 -1 0 -6002
4 2 1 2 44 
4 3 1 2 32 
4 5 1 2 196 
4 1 1 2 10 
4 6 1 2 1 
3
5 106
5 -6002
2 2 -1 6003 -1
4 5 1 4 6004 
4 9 1 4 6002 
4 7 1 4 6011 
4 3 1 4 6002 
4 14 1 2 0 
3
2 43 -1 0 -6003
4 2 1 2 0 
4 3 1 2 4 
4 5 1 2 204 
4 1 1 2 1 
3
5 108
2 77 -1 0 -6003
4 2 1 2 0 
4 3 1 2 0 
4 5 1 2 0 
4 1 1 2 4 
3
5 109
2 89 -1 0 -6003
4 2 1 2 16 
4 3 1 2 30 
4 5 1 2 172 
4 1 1 2 1 
4 6 1 2 1 
3
5 110
2 89 -1 0 -6003
4 2 1 2 88 
4 3 1 2 43 
4 5 1 2 8 
4 1 1 2 1 
4 6 1 2 2 
3
5 111
2 89 -1 0 -6003
4 2 1 2 60 
4 3 1 2 31 
4 5 1 2 8 
4 1 1 2 1 
3
5 112
2 89 -1 0 -6003
4 2 1 2 132 
4 3 1 2 134 
4 5 1 2 236 
4 1 1 2 1 
3
5 113
2 89 -1 0 -6003
4 2 1 2 28 
4 3 1 2 32 
4 5 1 2 148 
4 1 1 2 1 
3
5 114
2 89 -1 0 -6003
4 2 1 2 88 
4 3 1 2 30 
4 5 1 2 188 
4 1 1 2 1 
4 6 1 2 1 
3
5 115
2 89 -1 0 -6003
4 2 1 2 16 
4 3 1 2 35 
4 5 1 2 148 
4 1 1 2 1 
4 6 1 2 2 
3
5 116
2 89 -1 0 -6003
4 2 1 2 108 
4 3 1 2 130 
4 5 1 2 236 
4 1 1 2 1 
3
5 117
2 89 -1 0 -6003
4 2 1 2 72 
4 3 1 2 138 
4 5 1 2 172 
4 1 1 2 1 
3
5 118
2 89 -1 0 -6003
4 2 1 2 36 
4 3 1 2 134 
4 5 1 2 148 
4 1 1 2 1 
3
5 119
2 89 -1 0 -6003
4 2 1 2 136 
4 3 1 2 32 
4 5 1 2 236 
4 1 1 2 1 
3
5 120
5 -6003
2 2 -1 6004 -1
4 5 1 4 6005 
4 9 1 4 6003 
4 7 1 4 6012 
4 3 1 4 6000 
4 14 1 2 0 
3
2 43 -1 0 -6004
4 2 1 2 0 
4 3 1 2 4 
4 5 1 2 204 
4 1 1 2 1 
3
5 122
2 77 -1 0 -6004
4 2 1 2 0 
4 3 1 2 0 
4 5 1 2 0 
4 1 1 2 4 
3
5 123
2 89 -1 0 -6004
4 2 1 2 24 
4 3 1 2 1 
4 5 1 2 244 
4 1 1 2 6 
3
5 124
2 89 -1 0 -6004
4 2 1 2 96 
4 3 1 2 30 
4 5 1 2 8 
4 1 1 2 6 
3
5 125
2 89 -1 0 -6004
4 2 1 2 104 
4 3 1 2 85 
4 5 1 2 57 
4 1 1 2 6 
4 6 1 2 2 
3
5 126
2 89 -1 0 -6004
4 2 1 2 80 
4 3 1 2 90 
4 5 1 2 140 
4 1 1 2 6 
4 6 1 2 2 
3
5 127
2 89 -1 0 -6004
4 2 1 2 136 
4 3 1 2 1 
4 5 1 2 189 
4 1 1 2 6 
3
5 128
2 89 -1 0 -6004
4 2 1 2 56 
4 3 1 2 30 
4 5 1 2 165 
4 1 1 2 6 
3
5 129
2 89 -1 0 -6004
4 2 1 2 48 
4 3 1 2 142 
4 5 1 2 8 
4 1 1 2 6 
4 6 1 2 2 
3
5 130
2 89 -1 0 -6004
4 2 1 2 44 
4 3 1 2 36 
4 5 1 2 236 
4 1 1 2 6 
4 6 1 2 2 
3
5 131
2 89 -1 0 -6004
4 2 1 2 104 
4 3 1 2 129 
4 5 1 2 81 
4 1 1 2 6 
4 6 1 2 2 
3
5 132
2 89 -1 0 -6004
4 2 1 2 8 
4 3 1 2 128 
4 5 1 2 112 
4 1 1 2 6 
4 6 1 2 2 
3
5 133
2 89 -1 0 -6004
4 2 1 2 132 
4 3 1 2 135 
4 5 1 2 57 
4 1 1 2 6 
4 6 1 2 2 
3
5 134
5 -6004
2 2 -1 6005 -1
4 5 1 4 6006 
4 9 1 4 6004 
4 7 1 4 6013 
4 14 1 2 0 
3
2 43 -1 0 -6005
4 2 1 2 0 
4 3 1 2 4 
4 5 1 2 204 
4 1 1 2 1 
3
5 136
2 77 -1 0 -6005
4 2 1 2 0 
4 3 1 2 0 
4 5 1 2 0 
4 1 1 2 4 
3
5 137
2 89 -1 0 -6005
4 2 1 2 16 
4 3 1 2 30 
4 5 1 2 172 
4 1 1 2 1 
4 6 1 2 1 
3
5 138
2 89 -1 0 -6005
4 2 1 2 88 
4 3 1 2 43 
4 5 1 2 172 
4 1 1 2 1 
4 6 1 2 2 
3
5 139
2 89 -1 0 -6005
4 2 1 2 36 
4 3 1 2 84 
4 5 1 2 32 
4 1 1 2 10 
4 6 1 2 2 
3
5 140
2 89 -1 0 -6005
4 2 1 2 128 
4 3 1 2 130 
4 5 1 2 236 
4 1 1 2 1 
3
5 141
2 89 -1 0 -6005
4 2 1 2 112 
4 3 1 2 31 
4 5 1 2 32 
4 1 1 2 10 
3
5 142
2 89 -1 0 -6005
4 2 1 2 88 
4 3 1 2 30 
4 5 1 2 188 
4 1 1 2 1 
4 6 1 2 1 
3
5 143
2 89 -1 0 -6005
4 2 1 2 16 
4 3 1 2 35 
4 5 1 2 148 
4 1 1 2 1 
4 6 1 2 2 
3
5 144
2 89 -1 0 -6005
4 2 1 2 56 
4 3 1 2 132 
4 5 1 2 204 
4 1 1 2 10 
3
5 145
2 89 -1 0 -6005
4 2 1 2 44 
4 3 1 2 32 
4 5 1 2 196 
4 1 1 2 10 
4 6 1 2 1 
3
5 146
5 -6005
2 2 -1 6006 -1
4 5 1 4 6007 
4 9 1 4 6005 
4 7 1 4 6014 
4 3 1 4 6007 
4 14 1 2 0 
3
2 43 -1 0 -6006
4 2 1 2 0 
4 3 1 2 4 
4 5 1 2 204 
4 1 1 2 1 
3
5 148
2 77 -1 0 -6006
4 2 1 2 0 
4 3 1 2 0 
4 5 1 2 0 
4 1 1 2 4 
3
5 149
2 89 -1 0 -6006
4 2 1 2 68 
4 3 1 2 149 
4 5 1 2 8 
4 1 1 2 6 
3
5 150
2 89 -1 0 -6006
4 2 1 2 120 
4 3 1 2 149 
4 5 1 2 8 
4 1 1 2 6 
3
5 151
2 89 -1 0 -6006
4 2 1 2 104 
4 3 1 2 128 
4 5 1 2 9 
4 1 1 2 6 
3
5 152
2 89 -1 0 -6006
4 2 1 2 92 
4 3 1 2 32 
4 5 1 2 8 
4 1 1 2 6 
3
5 153
2 89 -1 0 -6006
4 2 1 2 12 
4 3 1 2 32 
4 5 1 2 8 
4 1 1 2 6 
3
5 154
2 89 -1 0 -6006
4 2 1 2 48 
4 3 1 2 140 
4 5 1 2 9 
4 1 1 2 6 
3
5 155
2 89 -1 0 -6006
4 2 1 2 148 
4 3 1 2 32 
4 5 1 2 9 
4 1 1 2 6 
3
5 156
5 -6006
2 2 -1 6007 -1
4 5 1 4 6008 
4 9 1 4 6006 
4 7 1 4 6015 
4 3 1 4 6006 
4 14 1 2 0 
3
2 43 -1 0 -6007
4 2 1 2 0 
4 3 1 2 4 
4 5 1 2 204 
4 1 1 2 1 
3
5 158
2 77 -1 0 -6007
4 2 1 2 0 
4 3 1 2 0 
4 5 1 2 0 
4 1 1 2 4 
3
5 159
2 89 -1 0 -6007
4 2 1 2 80 
4 3 1 2 129 
4 5 1 2 252 
4 1 1 2 6 
3
5 160
2 89 -1 0 -6007
4 2 1 2 124 
4 3 1 2 139 
4 5 1 2 229 
4 1 1 2 6 
3
5 161
2 89 -1 0 -6007
4 2 1 2 88 
4 3 1 2 32 
4 5 1 2 252 
4 1 1 2 6 
3
5 162
2 89 -1 0 -6007
4 2 1 2 12 
4 3 1 2 32 
4 5 1 2 220 
4 1 1 2 6 
3
5 163
2 89 -1 0 -6007
4 2 1 2 48 
4 3 1 2 140 
4 5 1 2 141 
4 1 1 2 6 
3
5 164
2 89 -1 0 -6007
4 2 1 2 152 
4 3 1 2 32 
4 5 1 2 141 
4 1 1 2 6 
3
5 165
5 -6007
2 2 -1 6008 -1
4 5 1 4 6009 
4 9 1 4 6007 
4 7 1 4 6016 
4 3 1 4 6009 
4 14 1 2 0 
3
2 43 -1 0 -6008
4 2 1 2 0 
4 3 1 2 4 
4 5 1 2 204 
4 1 1 2 1 
3
5 167
2 77 -1 0 -6008
4 2 1 2 0 
4 3 1 2 0 
4 5 1 2 0 
4 1 1 2 4 
3
5 168
2 89 -1 0 -6008
4 2 1 2 0 
4 3 1 2 30 
4 5 1 2 236 
4 1 1 2 1 
3
5 169
2 89 -1 0 -6008
4 2 1 2 36 
4 3 1 2 148 
4 5 1 2 172 
4 1 1 2 1 
3
5 170
2 89 -1 0 -6008
4 2 1 2 72 
4 3 1 2 30 
4 5 1 2 172 
4 1 1 2 1 
3
5 171
2 89 -1 0 -6008
4 2 1 2 92 
4 3 1 2 128 
4 5 1 2 172 
4 1 1 2 1 
3
5 172
2 89 -1 0 -6008
4 2 1 2 56 
4 3 1 2 129 
4 5 1 2 172 
4 1 1 2 1 
3
5 173
2 89 -1 0 -6008
4 2 1 2 108 
4 3 1 2 148 
4 5 1 2 172 
4 1 1 2 1 
3
5 174
2 89 -1 0 -6008
4 2 1 2 144 
4 3 1 2 30 
4 5 1 2 236 
4 1 1 2 1 
3
5 175
5 -6008
2 2 -1 6009 -1
4 5 1 4 6017 
4 9 1 4 6008 
4 7 1 4 6017 
4 3 1 4 6008 
4 14 1 2 0 
3
2 43 -1 0 -6009
4 2 1 2 0 
4 3 1 2 4 
4 5 1 2 204 
4 1 1 2 1 
3
5 177
2 77 -1 0 -6009
4 2 1 2 0 
4 3 1 2 0 
4 5 1 2 0 
4 1 1 2 4 
3
5 178
2 89 -1 0 -6009
4 2 1 2 0 
4 3 1 2 30 
4 5 1 2 172 
4 1 1 2 10 
3
5 179
2 89 -1 0 -6009
4 2 1 2 28 
4 3 1 2 30 
4 5 1 2 172 
4 1 1 2 10 
3
5 180
2 89 -1 0 -6009
4 2 1 2 48 
4 3 1 2 30 
4 5 1 2 172 
4 1 1 2 10 
3
5 181
2 89 -1 0 -6009
4 2 1 2 72 
4 3 1 2 30 
4 5 1 2 172 
4 1 1 2 10 
3
5 182
2 89 -1 0 -6009
4 2 1 2 64 
4 3 1 2 138 
4 5 1 2 172 
4 1 1 2 10 
3
5 183
2 89 -1 0 -6009
4 2 1 2 84 
4 3 1 2 129 
4 5 1 2 172 
4 1 1 2 10 
3
5 184
2 89 -1 0 -6009
4 2 1 2 104 
4 3 1 2 138 
4 5 1 2 172 
4 1 1 2 10 
3
5 185
2 89 -1 0 -6009
4 2 1 2 120 
4 3 1 2 148 
4 5 1 2 172 
4 1 1 2 10 
3
5 186
2 89 -1 0 -6009
4 2 1 2 100 
4 3 1 2 30 
4 5 1 2 172 
4 1 1 2 10 
3
5 187
2 89 -1 0 -6009
4 2 1 2 140 
4 3 1 2 30 
4 5 1 2 172 
4 1 1 2 10 
3
5 188
2 89 -1 0 -6009
4 2 1 2 36 
4 3 1 2 149 
4 5 1 2 172 
4 1 1 2 10 
3
5 189
5 -6009
2 2 -1 6010 -1
4 5 1 4 6011 
4 9 1 4 6002 
4 7 1 4 6018 
4 3 1 4 6002 
4 14 1 2 0 
3
2 43 -1 0 -6010
4 2 1 2 0 
4 3 1 2 4 
4 5 1 2 204 
4 1 1 2 1 
3
5 191
2 77 -1 0 -6010
4 2 1 2 0 
4 3 1 2 0 
4 5 1 2 0 
4 1 1 2 4 
3
5 192
2 89 -1 0 -6010
4 2 1 2 0 
4 3 1 2 30 
4 5 1 2 188 
4 1 1 2 10 
3
5 193
2 89 -1 0 -6010
4 2 1 2 28 
4 3 1 2 30 
4 5 1 2 8 
4 1 1 2 10 
3
5 194
2 89 -1 0 -6010
4 2 1 2 48 
4 3 1 2 30 
4 5 1 2 16 
4 1 1 2 10 
3
5 195
2 89 -1 0 -6010
4 2 1 2 72 
4 3 1 2 30 
4 5 1 2 140 
4 1 1 2 10 
3
5 196
2 89 -1 0 -6010
4 2 1 2 64 
4 3 1 2 138 
4 5 1 2 8 
4 1 1 2 10 
3
5 197
2 89 -1 0 -6010
4 2 1 2 84 
4 3 1 2 129 
4 5 1 2 140 
4 1 1 2 10 
3
5 198
2 89 -1 0 -6010
4 2 1 2 104 
4 3 1 2 138 
4 5 1 2 0 
4 1 1 2 10 
3
5 199
2 89 -1 0 -6010
4 2 1 2 120 
4 3 1 2 148 
4 5 1 2 204 
4 1 1 2 10 
3
5 200
2 89 -1 0 -6010
4 2 1 2 100 
4 3 1 2 30 
4 5 1 2 16 
4 1 1 2 10 
3
5 201
2 89 -1 0 -6010
4 2 1 2 140 
4 3 1 2 30 
4 5 1 2 8 
4 1 1 2 10 
3
5 202
2 89 -1 0 -6010
4 2 1 2 36 
4 3 1 2 149 
4 5 1 2 236 
4 1 1 2 10 
3
5 203
5 -6010
2 2 -1 6011 -1
4 5 1 4 6012 
4 9 1 4 6010 
4 7 1 4 6019 
4 3 1 4 6003 
4 14 1 2 0 
3
2 43 -1 0 -6011
4 2 1 2 0 
4 3 1 2 4 
4 5 1 2 204 
4 1 1 2 1 
3
5 205
2 77 -1 0 -6011
4 2 1 2 0 
4 3 1 2 0 
4 5 1 2 0 
4 1 1 2 4 
3
5 206
2 89 -1 0 -6011
4 2 1 2 4 
4 3 1 2 138 
4 5 1 2 244 
4 1 1 2 10 
3
5 207
2 89 -1 0 -6011
4 2 1 2 72 
4 3 1 2 139 
4 5 1 2 236 
4 1 1 2 10 
3
5 208
2 89 -1 0 -6011
4 2 1 2 144 
4 3 1 2 31 
4 5 1 2 236 
4 1 1 2 10 
3
5 209
2 89 -1 0 -6011
4 2 1 2 36 
4 3 1 2 31 
4 5 1 2 188 
4 1 1 2 10 
3
5 210
2 89 -1 0 -6011
4 2 1 2 108 
4 3 1 2 129 
4 5 1 2 188 
4 1 1 2 10 
3
5 211
2 89 -1 0 -6011
4 2 1 2 28 
4 3 1 2 132 
4 5 1 2 16 
4 1 1 2 10 
3
5 212
2 89 -1 0 -6011
4 2 1 2 76 
4 3 1 2 30 
4 5 1 2 236 
4 1 1 2 10 
3
5 213
2 89 -1 0 -6011
4 2 1 2 104 
4 3 1 2 151 
4 5 1 2 16 
4 1 1 2 10 
3
5 214
5 -6011
2 2 -1 6012 -1
4 5 1 4 6013 
4 9 1 4 6011 
4 7 1 4 6020 
4 3 1 4 6004 
4 14 1 2 0 
3
2 43 -1 0 -6012
4 2 1 2 0 
4 3 1 2 4 
4 5 1 2 172 
4 1 1 2 1 
3
5 216
2 77 -1 0 -6012
4 2 1 2 0 
4 3 1 2 0 
4 5 1 2 0 
4 1 1 2 4 
3
5 217
2 89 -1 0 -6012
4 2 1 2 4 
4 3 1 2 148 
4 5 1 2 8 
4 1 1 2 11 
3
5 218
2 89 -1 0 -6012
4 2 1 2 24 
4 3 1 2 129 
4 5 1 2 8 
4 1 1 2 11 
4 6 1 2 2 
3
5 219
2 89 -1 0 -6012
4 2 1 2 0 
4 3 1 2 130 
4 5 1 2 9 
4 1 1 2 11 
4 6 1 2 1 
3
5 220
2 89 -1 0 -6012
4 2 1 2 132 
4 3 1 2 148 
4 5 1 2 9 
4 1 1 2 11 
3
5 221
2 89 -1 0 -6012
4 2 1 2 132 
4 3 1 2 132 
4 5 1 2 8 
4 1 1 2 11 
4 6 1 2 1 
3
5 222
2 89 -1 0 -6012
4 2 1 2 132 
4 3 1 2 129 
4 5 1 2 9 
4 1 1 2 11 
4 6 1 2 2 
3
5 223
5 -6012
2 2 -1 6013 -1
4 5 1 4 6014 
4 9 1 4 6012 
4 7 1 4 6021 
4 3 1 4 6005 
4 14 1 2 0 
3
2 43 -1 0 -6013
4 2 1 2 0 
4 3 1 2 4 
4 5 1 2 172 
4 1 1 2 1 
3
5 225
2 77 -1 0 -6013
4 2 1 2 0 
4 3 1 2 0 
4 5 1 2 0 
4 1 1 2 4 
3
5 226
2 89 -1 0 -6013
4 2 1 2 12 
4 3 1 2 136 
4 5 1 2 9 
4 1 1 2 11 
3
5 227
2 89 -1 0 -6013
4 2 1 2 56 
4 3 1 2 147 
4 5 1 2 8 
4 1 1 2 11 
4 6 1 2 2 
3
5 228
2 89 -1 0 -6013
4 2 1 2 32 
4 3 1 2 152 
4 5 1 2 9 
4 1 1 2 11 
4 6 1 2 1 
3
5 229
2 89 -1 0 -6013
4 2 1 2 124 
4 3 1 2 136 
4 5 1 2 8 
4 1 1 2 11 
3
5 230
2 89 -1 0 -6013
4 2 1 2 104 
4 3 1 2 151 
4 5 1 2 8 
4 1 1 2 11 
4 6 1 2 1 
3
5 231
2 89 -1 0 -6013
4 2 1 2 104 
4 3 1 2 147 
4 5 1 2 9 
4 1 1 2 11 
4 6 1 2 2 
3
5 232
5 -6013
2 2 -1 6014 -1
4 5 1 4 6015 
4 9 1 4 6013 
4 7 1 4 6022 
4 3 1 4 6006 
4 14 1 2 0 
3
2 43 -1 0 -6014
4 2 1 2 0 
4 3 1 2 4 
4 5 1 2 204 
4 1 1 2 1 
3
5 234
2 77 -1 0 -6014
4 2 1 2 0 
4 3 1 2 0 
4 5 1 2 0 
4 1 1 2 4 
3
5 235
2 89 -1 0 -6014
4 2 1 2 4 
4 3 1 2 66 
4 5 1 2 1 
4 1 1 2 3 
4 6 1 2 2 
3
5 236
2 89 -1 0 -6014
4 2 1 2 96 
4 3 1 2 28 
4 5 1 2 1 
4 1 1 2 3 
3
5 237
2 89 -1 0 -6014
4 2 1 2 28 
4 3 1 2 29 
4 5 1 2 0 
4 1 1 2 3 
3
5 238
2 89 -1 0 -6014
4 2 1 2 4 
4 3 1 2 130 
4 5 1 2 8 
4 1 1 2 11 
3
5 239
2 89 -1 0 -6014
4 2 1 2 96 
4 3 1 2 28 
4 5 1 2 0 
4 1 1 2 3 
3
5 240
2 89 -1 0 -6014
4 2 1 2 48 
4 3 1 2 147 
4 5 1 2 1 
4 1 1 2 3 
3
5 241
2 89 -1 0 -6014
4 2 1 2 132 
4 3 1 2 132 
4 5 1 2 0 
4 1 1 2 3 
3
5 242
2 89 -1 0 -6014
4 2 1 2 64 
4 3 1 2 136 
4 5 1 2 9 
4 1 1 2 11 
4 6 1 2 2 
3
5 243
2 89 -1 0 -6014
4 2 1 2 68 
4 3 1 2 148 
4 5 1 2 8 
4 1 1 2 11 
4 6 1 2 2 
3
5 244
2 89 -1 0 -6014
4 2 1 2 92 
4 3 1 2 147 
4 5 1 2 8 
4 1 1 2 11 
4 6 1 2 2 
3
5 245
2 89 -1 0 -6014
4 2 1 2 128 
4 3 1 2 140 
4 5 1 2 9 
4 1 1 2 11 
3
5 246
2 89 -1 0 -6014
4 2 1 2 88 
4 3 1 2 53 
4 5 1 2 1 
4 1 1 2 3 
3
5 247
5 -6014
2 2 -1 6015 -1
4 5 1 4 6016 
4 9 1 4 6014 
4 7 1 4 6023 
4 3 1 4 6007 
4 14 1 2 0 
3
2 43 -1 0 -6015
4 2 1 2 0 
4 3 1 2 4 
4 5 1 2 204 
4 1 1 2 1 
3
5 249
2 77 -1 0 -6015
4 2 1 2 0 
4 3 1 2 0 
4 5 1 2 0 
4 1 1 2 4 
3
5 250
2 89 -1 0 -6015
4 2 1 2 72 
4 3 1 2 131 
4 5 1 2 1 
4 1 1 2 3 
3
5 251
2 89 -1 0 -6015
4 2 1 2 4 
4 3 1 2 136 
4 5 1 2 9 
4 1 1 2 11 
4 6 1 2 1 
3
5 252
2 89 -1 0 -6015
4 2 1 2 72 
4 3 1 2 132 
4 5 1 2 0 
4 1 1 2 3 
3
5 253
2 89 -1 0 -6015
4 2 1 2 36 
4 3 1 2 72 
4 5 1 2 1 
4 1 1 2 3 
4 6 1 2 2 
3
5 254
2 89 -1 0 -6015
4 2 1 2 128 
4 3 1 2 29 
4 5 1 2 0 
4 1 1 2 3 
3
5 255
2 89 -1 0 -6015
4 2 1 2 36 
4 3 1 2 136 
4 5 1 2 9 
4 1 1 2 11 
4 6 1 2 2 
3
5 256
2 89 -1 0 -6015
4 2 1 2 36 
4 3 1 2 136 
4 5 1 2 8 
4 1 1 2 11 
4 6 1 2 2 
3
5 257
2 89 -1 0 -6015
4 2 1 2 128 
4 3 1 2 138 
4 5 1 2 9 
4 1 1 2 11 
4 6 1 2 2 
3
5 258
2 89 -1 0 -6015
4 2 1 2 128 
4 3 1 2 131 
4 5 1 2 9 
4 1 1 2 11 
3
5 259
2 89 -1 0 -6015
4 2 1 2 96 
4 3 1 2 147 
4 5 1 2 0 
4 1 1 2 3 
4 6 1 2 2 
3
5 260
2 89 -1 0 -6015
4 2 1 2 52 
4 3 1 2 29 
4 5 1 2 0 
4 1 1 2 6 
4 6 1 2 1 
3
5 261
2 89 -1 0 -6015
4 2 1 2 40 
4 3 1 2 73 
4 5 1 2 0 
4 1 1 2 3 
4 6 1 2 2 
3
5 262
5 -6015
2 2 -1 6016 -1
4 5 1 4 6017 
4 9 1 4 6015 
4 7 1 4 6024 
4 3 1 4 6008 
4 14 1 2 0 
3
2 43 -1 0 -6016
4 2 1 2 0 
4 3 1 2 4 
4 5 1 2 204 
4 1 1 2 1 
3
5 264
2 77 -1 0 -6016
4 2 1 2 0 
4 3 1 2 0 
4 5 1 2 0 
4 1 1 2 4 
3
5 265
2 89 -1 0 -6016
4 2 1 2 44 
4 3 1 2 131 
4 5 1 2 1 
4 1 1 2 3 
4 6 1 2 3 
3
5 266
2 89 -1 0 -6016
4 2 1 2 144 
4 3 1 2 31 
4 5 1 2 228 
4 1 1 2 1 
3
5 267
2 89 -1 0 -6016
4 2 1 2 4 
4 3 1 2 150 
4 5 1 2 8 
4 1 1 2 11 
4 6 1 2 2 
3
5 268
2 89 -1 0 -6016
4 2 1 2 116 
4 3 1 2 139 
4 5 1 2 8 
4 1 1 2 1 
3
5 269
2 89 -1 0 -6016
4 2 1 2 96 
4 3 1 2 36 
4 5 1 2 220 
4 1 1 2 1 
4 6 1 2 2 
3
5 270
2 89 -1 0 -6016
4 2 1 2 96 
4 3 1 2 31 
4 5 1 2 0 
4 1 1 2 1 
4 6 1 2 1 
3
5 271
2 89 -1 0 -6016
4 2 1 2 0 
4 3 1 2 131 
4 5 1 2 0 
4 1 1 2 3 
3
5 272
5 -6016
2 2 -1 6017 -1
4 5 1 4 6009 
4 9 1 4 6016 
4 7 1 4 6025 
4 3 1 4 6009 
4 14 1 2 0 
3
2 43 -1 0 -6017
4 2 1 2 0 
4 3 1 2 4 
4 5 1 2 204 
4 1 1 2 1 
3
5 274
2 77 -1 0 -6017
4 2 1 2 0 
4 3 1 2 0 
4 5 1 2 0 
4 1 1 2 4 
3
5 275
2 89 -1 0 -6017
4 2 1 2 28 
4 3 1 2 31 
4 5 1 2 8 
4 1 1 2 10 
3
5 276
2 89 -1 0 -6017
4 2 1 2 8 
4 3 1 2 31 
4 5 1 2 172 
4 1 1 2 1 
3
5 277
2 89 -1 0 -6017
4 2 1 2 32 
4 3 1 2 147 
4 5 1 2 16 
4 1 1 2 11 
3
5 278
2 89 -1 0 -6017
4 2 1 2 100 
4 3 1 2 138 
4 5 1 2 172 
4 1 1 2 1 
3
5 279
2 89 -1 0 -6017
4 2 1 2 56 
4 3 1 2 147 
4 5 1 2 172 
4 1 1 2 1 
3
5 280
2 89 -1 0 -6017
4 2 1 2 140 
4 3 1 2 129 
4 5 1 2 172 
4 1 1 2 1 
3
5 281
2 89 -1 0 -6017
4 2 1 2 124 
4 3 1 2 32 
4 5 1 2 8 
4 1 1 2 10 
3
5 282
2 89 -1 0 -6017
4 2 1 2 80 
4 3 1 2 32 
4 5 1 2 8 
4 1 1 2 10 
3
5 283
2 89 -1 0 -6017
4 2 1 2 112 
4 3 1 2 139 
4 5 1 2 17 
4 1 1 2 11 
3
5 284
5 -6017
2 2 -1 6018 -1
4 5 1 4 6019 
4 9 1 4 6026 
4 7 1 4 6026 
4 3 1 4 6010 
4 14 1 2 0 
3
2 43 -1 0 -6018
4 2 1 2 0 
4 3 1 2 4 
4 5 1 2 204 
4 1 1 2 1 
3
5 286
2 77 -1 0 -6018
4 2 1 2 0 
4 3 1 2 0 
4 5 1 2 0 
4 1 1 2 4 
3
5 287
2 89 -1 0 -6018
4 2 1 2 12 
4 3 1 2 152 
4 5 1 2 24 
4 1 1 2 1 
3
5 288
2 89 -1 0 -6018
4 2 1 2 64 
4 3 1 2 135 
4 5 1 2 32 
4 1 1 2 10 
3
5 289
2 89 -1 0 -6018
4 2 1 2 100 
4 3 1 2 135 
4 5 1 2 33 
4 1 1 2 10 
3
5 290
2 89 -1 0 -6018
4 2 1 2 132 
4 3 1 2 150 
4 5 1 2 24 
4 1 1 2 1 
3
5 291
2 89 -1 0 -6018
4 2 1 2 124 
4 3 1 2 31 
4 5 1 2 32 
4 1 1 2 10 
3
5 292
2 89 -1 0 -6018
4 2 1 2 40 
4 3 1 2 32 
4 5 1 2 32 
4 1 1 2 10 
3
5 293
2 89 -1 0 -6018
4 2 1 2 80 
4 3 1 2 32 
4 5 1 2 24 
4 1 1 2 1 
3
5 294
5 -6018
2 2 -1 6019 -1
4 5 1 4 6020 
4 9 1 4 6018 
4 7 1 4 6027 
4 3 1 4 6011 
4 14 1 2 0 
3
2 43 -1 0 -6019
4 2 1 2 0 
4 3 1 2 4 
4 5 1 2 204 
4 1 1 2 1 
3
5 296
2 77 -1 0 -6019
4 2 1 2 0 
4 3 1 2 0 
4 5 1 2 0 
4 1 1 2 4 
3
5 297
2 89 -1 0 -6019
4 2 1 2 64 
4 3 1 2 152 
4 5 1 2 40 
4 1 1 2 1 
3
5 298
2 89 -1 0 -6019
4 2 1 2 24 
4 3 1 2 135 
4 5 1 2 24 
4 1 1 2 10 
3
5 299
2 89 -1 0 -6019
4 2 1 2 132 
4 3 1 2 135 
4 5 1 2 25 
4 1 1 2 10 
3
5 300
2 89 -1 0 -6019
4 2 1 2 96 
4 3 1 2 150 
4 5 1 2 32 
4 1 1 2 1 
3
5 301
2 89 -1 0 -6019
4 2 1 2 32 
4 3 1 2 37 
4 5 1 2 64 
4 1 1 2 1 
4 6 1 2 2 
3
5 302
2 89 -1 0 -6019
4 2 1 2 32 
4 3 1 2 30 
4 5 1 2 236 
4 1 1 2 1 
4 6 1 2 1 
3
5 303
2 89 -1 0 -6019
4 2 1 2 136 
4 3 1 2 42 
4 5 1 2 56 
4 1 1 2 1 
4 6 1 2 2 
3
5 304
2 89 -1 0 -6019
4 2 1 2 144 
4 3 1 2 30 
4 5 1 2 173 
4 1 1 2 1 
4 6 1 2 1 
3
5 305
5 -6019
2 2 -1 6020 -1
4 5 1 4 6021 
4 9 1 4 6019 
4 3 1 4 6012 
4 14 1 2 0 
3
2 43 -1 0 -6020
4 2 1 2 0 
4 3 1 2 4 
4 5 1 2 172 
4 1 1 2 1 
3
5 307
2 77 -1 0 -6020
4 2 1 2 0 
4 3 1 2 0 
4 5 1 2 0 
4 1 1 2 4 
3
5 308
2 89 -1 0 -6020
4 2 1 2 0 
4 3 1 2 129 
4 5 1 2 8 
4 1 1 2 11 
3
5 309
2 89 -1 0 -6020
4 2 1 2 24 
4 3 1 2 148 
4 5 1 2 8 
4 1 1 2 11 
4 6 1 2 2 
3
5 310
2 89 -1 0 -6020
4 2 1 2 0 
4 3 1 2 152 
4 5 1 2 9 
4 1 1 2 11 
4 6 1 2 1 
3
5 311
2 89 -1 0 -6020
4 2 1 2 132 
4 3 1 2 128 
4 5 1 2 9 
4 1 1 2 11 
3
5 312
2 89 -1 0 -6020
4 2 1 2 132 
4 3 1 2 151 
4 5 1 2 8 
4 1 1 2 11 
4 6 1 2 1 
3
5 313
2 89 -1 0 -6020
4 2 1 2 132 
4 3 1 2 147 
4 5 1 2 9 
4 1 1 2 11 
4 6 1 2 2 
3
5 314
5 -6020
2 2 -1 6021 -1
4 5 1 4 6022 
4 9 1 4 6020 
4 7 1 4 6029 
4 3 1 4 6013 
4 14 1 2 0 
3
2 43 -1 0 -6021
4 2 1 2 0 
4 3 1 2 4 
4 5 1 2 172 
4 1 1 2 1 
3
5 316
2 77 -1 0 -6021
4 2 1 2 0 
4 3 1 2 0 
4 5 1 2 0 
4 1 1 2 4 
3
5 317
2 89 -1 0 -6021
4 2 1 2 80 
4 3 1 2 144 
4 5 1 2 8 
4 1 1 2 11 
4 6 1 2 2 
3
5 318
2 89 -1 0 -6021
4 2 1 2 56 
4 3 1 2 128 
4 5 1 2 8 
4 1 1 2 11 
4 6 1 2 2 
3
5 319
2 89 -1 0 -6021
4 2 1 2 32 
4 3 1 2 132 
4 5 1 2 9 
4 1 1 2 11 
4 6 1 2 1 
3
5 320
2 89 -1 0 -6021
4 2 1 2 80 
4 3 1 2 144 
4 5 1 2 9 
4 1 1 2 11 
4 6 1 2 2 
3
5 321
2 89 -1 0 -6021
4 2 1 2 104 
4 3 1 2 133 
4 5 1 2 8 
4 1 1 2 11 
4 6 1 2 1 
3
5 322
2 89 -1 0 -6021
4 2 1 2 104 
4 3 1 2 129 
4 5 1 2 9 
4 1 1 2 11 
4 6 1 2 2 
3
5 323
2 89 -1 0 -6021
4 2 1 2 64 
4 3 1 2 136 
4 5 1 2 8 
4 1 1 2 4 
3
5 324
5 -6021
2 2 -1 6022 -1
4 5 1 4 6023 
4 9 1 4 6021 
4 7 1 4 6030 
4 3 1 4 6014 
4 14 1 2 0 
3
2 43 -1 0 -6022
4 2 1 2 0 
4 3 1 2 4 
4 5 1 2 204 
4 1 1 2 1 
3
5 326
2 77 -1 0 -6022
4 2 1 2 0 
4 3 1 2 0 
4 5 1 2 0 
4 1 1 2 4 
3
5 327
2 89 -1 0 -6022
4 2 1 2 96 
4 3 1 2 28 
4 5 1 2 1 
4 1 1 2 3 
3
5 328
2 89 -1 0 -6022
4 2 1 2 28 
4 3 1 2 29 
4 5 1 2 0 
4 1 1 2 3 
3
5 329
2 89 -1 0 -6022
4 2 1 2 96 
4 3 1 2 28 
4 5 1 2 0 
4 1 1 2 3 
3
5 330
2 89 -1 0 -6022
4 2 1 2 48 
4 3 1 2 147 
4 5 1 2 1 
4 1 1 2 3 
4 6 1 2 3 
3
5 331
2 89 -1 0 -6022
4 2 1 2 12 
4 3 1 2 132 
4 5 1 2 0 
4 1 1 2 3 
4 6 1 2 4 
3
5 332
2 89 -1 0 -6022
4 2 1 2 64 
4 3 1 2 136 
4 5 1 2 9 
4 1 1 2 11 
4 6 1 2 2 
3
5 333
2 89 -1 0 -6022
4 2 1 2 68 
4 3 1 2 148 
4 5 1 2 8 
4 1 1 2 11 
4 6 1 2 2 
3
5 334
2 89 -1 0 -6022
4 2 1 2 128 
4 3 1 2 140 
4 5 1 2 9 
4 1 1 2 11 
3
5 335
5 -6022
2 2 -1 6023 -1
4 5 1 4 6024 
4 9 1 4 6022 
4 7 1 4 6031 
4 3 1 4 6015 
4 14 1 2 0 
3
2 43 -1 0 -6023
4 2 1 2 0 
4 3 1 2 4 
4 5 1 2 204 
4 1 1 2 1 
3
5 337
2 77 -1 0 -6023
4 2 1 2 0 
4 3 1 2 0 
4 5 1 2 0 
4 1 1 2 4 
3
5 338
2 89 -1 0 -6023
4 2 1 2 104 
4 3 1 2 29 
4 5 1 2 1 
4 1 1 2 3 
4 6 1 2 1 
3
5 339
2 89 -1 0 -6023
4 2 1 2 88 
4 3 1 2 131 
4 5 1 2 0 
4 1 1 2 3 
3
5 340
2 89 -1 0 -6023
4 2 1 2 116 
4 3 1 2 49 
4 5 1 2 0 
4 1 1 2 3 
4 6 1 2 3 
3
5 341
2 89 -1 0 -6023
4 2 1 2 56 
4 3 1 2 132 
4 5 1 2 1 
4 1 1 2 3 
3
5 342
2 89 -1 0 -6023
4 2 1 2 20 
4 3 1 2 72 
4 5 1 2 1 
4 1 1 2 3 
4 6 1 2 3 
3
5 343
2 89 -1 0 -6023
4 2 1 2 140 
4 3 1 2 76 
4 5 1 2 0 
4 1 1 2 3 
4 6 1 2 2 
3
5 344
2 89 -1 0 -6023
4 2 1 2 36 
4 3 1 2 136 
4 5 1 2 9 
4 1 1 2 11 
4 6 1 2 2 
3
5 345
2 89 -1 0 -6023
4 2 1 2 36 
4 3 1 2 136 
4 5 1 2 8 
4 1 1 2 11 
4 6 1 2 2 
3
5 346
2 89 -1 0 -6023
4 2 1 2 128 
4 3 1 2 138 
4 5 1 2 9 
4 1 1 2 11 
4 6 1 2 2 
3
5 347
2 89 -1 0 -6023
4 2 1 2 24 
4 3 1 2 43 
4 5 1 2 1 
4 1 1 2 3 
4 6 1 2 2 
3
5 348
2 89 -1 0 -6023
4 2 1 2 156 
4 3 1 2 29 
4 5 1 2 1 
4 1 1 2 6 
4 6 1 2 1 
3
5 349
2 89 -1 0 -6023
4 2 1 2 40 
4 3 1 2 31 
4 5 1 2 0 
4 1 1 2 3 
3
5 350
5 -6023
2 2 -1 6024 -1
4 5 1 4 6025 
4 9 1 4 6023 
4 7 1 4 6032 
4 3 1 4 6016 
4 14 1 2 0 
3
2 43 -1 0 -6024
4 2 1 2 0 
4 3 1 2 4 
4 5 1 2 204 
4 1 1 2 1 
3
5 352
2 77 -1 0 -6024
4 2 1 2 0 
4 3 1 2 0 
4 5 1 2 0 
4 1 1 2 4 
3
5 353
2 89 -1 0 -6024
4 2 1 2 64 
4 3 1 2 152 
4 5 1 2 236 
4 1 1 2 1 
3
5 354
2 89 -1 0 -6024
4 2 1 2 24 
4 3 1 2 135 
4 5 1 2 236 
4 1 1 2 10 
3
5 355
2 89 -1 0 -6024
4 2 1 2 132 
4 3 1 2 135 
4 5 1 2 173 
4 1 1 2 10 
3
5 356
2 89 -1 0 -6024
4 2 1 2 96 
4 3 1 2 150 
4 5 1 2 172 
4 1 1 2 1 
3
5 357
2 89 -1 0 -6024
4 2 1 2 32 
4 3 1 2 37 
4 5 1 2 236 
4 1 1 2 1 
4 6 1 2 2 
3
5 358
2 89 -1 0 -6024
4 2 1 2 32 
4 3 1 2 30 
4 5 1 2 236 
4 1 1 2 1 
4 6 1 2 1 
3
5 359
2 89 -1 0 -6024
4 2 1 2 136 
4 3 1 2 42 
4 5 1 2 172 
4 1 1 2 1 
4 6 1 2 2 
3
5 360
2 89 -1 0 -6024
4 2 1 2 144 
4 3 1 2 30 
4 5 1 2 173 
4 1 1 2 1 
4 6 1 2 1 
3
5 361
5 -6024
2 2 -1 6025 -1
4 5 1 4 6033 
4 9 1 4 6024 
4 7 1 4 6033 
4 3 1 4 6017 
4 14 1 2 0 
3
2 43 -1 0 -6025
4 2 1 2 0 
4 3 1 2 4 
4 5 1 2 204 
4 1 1 2 1 
3
5 363
2 77 -1 0 -6025
4 2 1 2 0 
4 3 1 2 0 
4 5 1 2 0 
4 1 1 2 4 
3
5 364
2 89 -1 0 -6025
4 2 1 2 12 
4 3 1 2 152 
4 5 1 2 236 
4 1 1 2 1 
3
5 365
2 89 -1 0 -6025
4 2 1 2 64 
4 3 1 2 135 
4 5 1 2 236 
4 1 1 2 10 
3
5 366
2 89 -1 0 -6025
4 2 1 2 100 
4 3 1 2 135 
4 5 1 2 173 
4 1 1 2 10 
3
5 367
2 89 -1 0 -6025
4 2 1 2 132 
4 3 1 2 150 
4 5 1 2 172 
4 1 1 2 1 
3
5 368
2 89 -1 0 -6025
4 2 1 2 124 
4 3 1 2 31 
4 5 1 2 172 
4 1 1 2 10 
3
5 369
2 89 -1 0 -6025
4 2 1 2 40 
4 3 1 2 32 
4 5 1 2 236 
4 1 1 2 10 
3
5 370
2 89 -1 0 -6025
4 2 1 2 80 
4 3 1 2 32 
4 5 1 2 8 
4 1 1 2 1 
3
5 371
5 -6025
2 2 -1 6026 -1
4 5 1 4 6027 
4 9 1 4 6018 
4 7 1 4 6034 
4 3 1 4 6018 
4 14 1 2 0 
3
2 43 -1 0 -6026
4 2 1 2 0 
4 3 1 2 4 
4 5 1 2 204 
4 1 1 2 1 
3
5 373
2 77 -1 0 -6026
4 2 1 2 0 
4 3 1 2 0 
4 5 1 2 0 
4 1 1 2 4 
3
5 374
2 89 -1 0 -6026
4 2 1 2 60 
4 3 1 2 135 
4 5 1 2 24 
4 1 1 2 1 
3
5 375
2 89 -1 0 -6026
4 2 1 2 16 
4 3 1 2 151 
4 5 1 2 24 
4 1 1 2 10 
3
5 376
2 89 -1 0 -6026
4 2 1 2 100 
4 3 1 2 149 
4 5 1 2 40 
4 1 1 2 10 
3
5 377
2 89 -1 0 -6026
4 2 1 2 132 
4 3 1 2 133 
4 5 1 2 40 
4 1 1 2 1 
3
5 378
2 89 -1 0 -6026
4 2 1 2 124 
4 3 1 2 31 
4 5 1 2 40 
4 1 1 2 10 
3
5 379
2 89 -1 0 -6026
4 2 1 2 40 
4 3 1 2 32 
4 5 1 2 24 
4 1 1 2 10 
3
5 380
5 -6026
2 2 -1 6027 -1
4 5 1 4 6028 
4 9 1 4 6026 
4 7 1 4 6035 
4 3 1 4 6019 
4 14 1 2 0 
3
2 43 -1 0 -6027
4 2 1 2 0 
4 3 1 2 4 
4 5 1 2 204 
4 1 1 2 1 
3
5 382
2 77 -1 0 -6027
4 2 1 2 0 
4 3 1 2 0 
4 5 1 2 0 
4 1 1 2 4 
3
5 383
2 89 -1 0 -6027
4 2 1 2 52 
4 3 1 2 32 
4 5 1 2 16 
4 1 1 2 1 
3
5 384
2 89 -1 0 -6027
4 2 1 2 12 
4 3 1 2 132 
4 5 1 2 204 
4 1 1 2 10 
3
5 385
2 89 -1 0 -6027
4 2 1 2 140 
4 3 1 2 155 
4 5 1 2 188 
4 1 1 2 10 
3
5 386
2 89 -1 0 -6027
4 2 1 2 96 
4 3 1 2 146 
4 5 1 2 148 
4 1 1 2 10 
3
5 387
2 89 -1 0 -6027
4 2 1 2 48 
4 3 1 2 140 
4 5 1 2 188 
4 1 1 2 10 
3
5 388
2 89 -1 0 -6027
4 2 1 2 88 
4 3 1 2 32 
4 5 1 2 8 
4 1 1 2 1 
3
5 389
2 89 -1 0 -6027
4 2 1 2 116 
4 3 1 2 30 
4 5 1 2 16 
4 1 1 2 1 
3
5 390
2 89 -1 0 -6027
4 2 1 2 16 
4 3 1 2 30 
4 5 1 2 8 
4 1 1 2 1 
3
5 391
2 89 -1 0 -6027
4 2 1 2 72 
4 3 1 2 30 
4 5 1 2 197 
4 1 1 2 1 
3
5 392
5 -6027
2 2 -1 6028 -1
4 5 1 4 6029 
4 9 1 4 6027 
4 14 1 2 0 
3
2 43 -1 0 -6028
4 2 1 2 0 
4 3 1 2 4 
4 5 1 2 204 
4 1 1 2 1 
3
5 394
2 77 -1 0 -6028
4 2 1 2 0 
4 3 1 2 0 
4 5 1 2 0 
4 1 1 2 4 
3
5 395
2 89 -1 0 -6028
4 2 1 2 68 
4 3 1 2 140 
4 5 1 2 196 
4 1 1 2 1 
3
5 396
2 89 -1 0 -6028
4 2 1 2 44 
4 3 1 2 32 
4 5 1 2 16 
4 1 1 2 10 
3
5 397
2 89 -1 0 -6028
4 2 1 2 104 
4 3 1 2 31 
4 5 1 2 204 
4 1 1 2 10 
3
5 398
2 89 -1 0 -6028
4 2 1 2 136 
4 3 1 2 135 
4 5 1 2 188 
4 1 1 2 1 
3
5 399
2 89 -1 0 -6028
4 2 1 2 8 
4 3 1 2 134 
4 5 1 2 188 
4 1 1 2 1 
3
5 400
5 -6028
2 2 -1 6029 -1
4 5 1 4 6030 
4 9 1 4 6028 
4 7 1 4 6037 
4 3 1 4 6021 
4 14 1 2 0 
3
2 43 -1 0 -6029
4 2 1 2 0 
4 3 1 2 4 
4 5 1 2 204 
4 1 1 2 1 
3
5 402
2 77 -1 0 -6029
4 2 1 2 0 
4 3 1 2 0 
4 5 1 2 0 
4 1 1 2 4 
3
5 403
2 89 -1 0 -6029
4 2 1 2 16 
4 3 1 2 30 
4 5 1 2 172 
4 1 1 2 1 
4 6 1 2 1 
3
5 404
2 89 -1 0 -6029
4 2 1 2 88 
4 3 1 2 43 
4 5 1 2 236 
4 1 1 2 1 
4 6 1 2 2 
3
5 405
2 89 -1 0 -6029
4 2 1 2 60 
4 3 1 2 31 
4 5 1 2 188 
4 1 1 2 1 
3
5 406
2 89 -1 0 -6029
4 2 1 2 132 
4 3 1 2 134 
4 5 1 2 196 
4 1 1 2 1 
3
5 407
2 89 -1 0 -6029
4 2 1 2 28 
4 3 1 2 32 
4 5 1 2 172 
4 1 1 2 1 
3
5 408
2 89 -1 0 -6029
4 2 1 2 88 
4 3 1 2 30 
4 5 1 2 188 
4 1 1 2 1 
4 6 1 2 1 
3
5 409
2 89 -1 0 -6029
4 2 1 2 16 
4 3 1 2 35 
4 5 1 2 172 
4 1 1 2 1 
4 6 1 2 2 
3
5 410
2 89 -1 0 -6029
4 2 1 2 108 
4 3 1 2 130 
4 5 1 2 72 
4 1 1 2 1 
3
5 411
2 89 -1 0 -6029
4 2 1 2 72 
4 3 1 2 138 
4 5 1 2 32 
4 1 1 2 1 
3
5 412
2 89 -1 0 -6029
4 2 1 2 36 
4 3 1 2 134 
4 5 1 2 72 
4 1 1 2 1 
3
5 413
2 89 -1 0 -6029
4 2 1 2 136 
4 3 1 2 32 
4 5 1 2 196 
4 1 1 2 1 
3
5 414
5 -6029
2 2 -1 6030 -1
4 5 1 4 6031 
4 9 1 4 6029 
4 7 1 4 6038 
4 3 1 4 6022 
4 14 1 2 0 
3
2 43 -1 0 -6030
4 2 1 2 0 
4 3 1 2 4 
4 5 1 2 204 
4 1 1 2 1 
3
5 416
2 77 -1 0 -6030
4 2 1 2 0 
4 3 1 2 0 
4 5 1 2 0 
4 1 1 2 4 
3
5 417
2 89 -1 0 -6030
4 2 1 2 64 
4 3 1 2 152 
4 5 1 2 204 
4 1 1 2 1 
3
5 418
2 89 -1 0 -6030
4 2 1 2 24 
4 3 1 2 135 
4 5 1 2 196 
4 1 1 2 10 
3
5 419
2 89 -1 0 -6030
4 2 1 2 132 
4 3 1 2 135 
4 5 1 2 149 
4 1 1 2 10 
3
5 420
2 89 -1 0 -6030
4 2 1 2 96 
4 3 1 2 150 
4 5 1 2 188 
4 1 1 2 1 
3
5 421
2 89 -1 0 -6030
4 2 1 2 32 
4 3 1 2 37 
4 5 1 2 8 
4 1 1 2 1 
4 6 1 2 2 
3
5 422
2 89 -1 0 -6030
4 2 1 2 32 
4 3 1 2 30 
4 5 1 2 236 
4 1 1 2 1 
4 6 1 2 1 
3
5 423
2 89 -1 0 -6030
4 2 1 2 136 
4 3 1 2 42 
4 5 1 2 16 
4 1 1 2 1 
4 6 1 2 2 
3
5 424
2 89 -1 0 -6030
4 2 1 2 144 
4 3 1 2 30 
4 5 1 2 173 
4 1 1 2 1 
4 6 1 2 1 
3
5 425
5 -6030
2 2 -1 6031 -1
4 5 1 4 6032 
4 9 1 4 6030 
4 7 1 4 6039 
4 3 1 4 6023 
4 14 1 2 0 
3
2 43 -1 0 -6031
4 2 1 2 0 
4 3 1 2 4 
4 5 1 2 204 
4 1 1 2 1 
3
5 427
2 77 -1 0 -6031
4 2 1 2 0 
4 3 1 2 0 
4 5 1 2 0 
4 1 1 2 4 
3
5 428
2 89 -1 0 -6031
4 2 1 2 4 
4 3 1 2 138 
4 5 1 2 204 
4 1 1 2 10 
3
5 429
2 89 -1 0 -6031
4 2 1 2 72 
4 3 1 2 139 
4 5 1 2 221 
4 1 1 2 10 
3
5 430
2 89 -1 0 -6031
4 2 1 2 144 
4 3 1 2 31 
4 5 1 2 149 
4 1 1 2 10 
3
5 431
2 89 -1 0 -6031
4 2 1 2 36 
4 3 1 2 31 
4 5 1 2 196 
4 1 1 2 10 
3
5 432
2 89 -1 0 -6031
4 2 1 2 108 
4 3 1 2 129 
4 5 1 2 0 
4 1 1 2 10 
3
5 433
2 89 -1 0 -6031
4 2 1 2 28 
4 3 1 2 132 
4 5 1 2 9 
4 1 1 2 10 
3
5 434
2 89 -1 0 -6031
4 2 1 2 76 
4 3 1 2 30 
4 5 1 2 8 
4 1 1 2 10 
3
5 435
2 89 -1 0 -6031
4 2 1 2 108 
4 3 1 2 151 
4 5 1 2 165 
4 1 1 2 10 
3
5 436
5 -6031
2 2 -1 6032 -1
4 5 1 4 6033 
4 9 1 4 6031 
4 7 1 4 6040 
4 3 1 4 6024 
4 14 1 2 0 
3
2 43 -1 0 -6032
4 2 1 2 0 
4 3 1 2 4 
4 5 1 2 204 
4 1 1 2 1 
3
5 438
2 77 -1 0 -6032
4 2 1 2 0 
4 3 1 2 0 
4 5 1 2 0 
4 1 1 2 4 
3
5 439
2 89 -1 0 -6032
4 2 1 2 16 
4 3 1 2 30 
4 5 1 2 172 
4 1 1 2 1 
4 6 1 2 1 
3
5 440
2 89 -1 0 -6032
4 2 1 2 88 
4 3 1 2 43 
4 5 1 2 172 
4 1 1 2 1 
4 6 1 2 2 
3
5 441
2 89 -1 0 -6032
4 2 1 2 36 
4 3 1 2 84 
4 5 1 2 32 
4 1 1 2 10 
4 6 1 2 2 
3
5 442
2 89 -1 0 -6032
4 2 1 2 128 
4 3 1 2 130 
4 5 1 2 236 
4 1 1 2 1 
3
5 443
2 89 -1 0 -6032
4 2 1 2 112 
4 3 1 2 31 
4 5 1 2 32 
4 1 1 2 10 
3
5 444
2 89 -1 0 -6032
4 2 1 2 88 
4 3 1 2 30 
4 5 1 2 188 
4 1 1 2 1 
4 6 1 2 1 
3
5 445
2 89 -1 0 -6032
4 2 1 2 16 
4 3 1 2 35 
4 5 1 2 148 
4 1 1 2 1 
4 6 1 2 2 
3
5 446
2 89 -1 0 -6032
4 2 1 2 56 
4 3 1 2 132 
4 5 1 2 204 
4 1 1 2 10 
3
5 447
2 89 -1 0 -6032
4 2 1 2 44 
4 3 1 2 32 
4 5 1 2 196 
4 1 1 2 10 
4 6 1 2 1 
3
5 448
5 -6032
2 2 -1 6033 -1
4 5 1 4 6025 
4 9 1 4 6032 
4 7 1 4 6041 
4 3 1 4 6025 
4 14 1 2 0 
3
2 43 -1 0 -6033
4 2 1 2 0 
4 3 1 2 4 
4 5 1 2 204 
4 1 1 2 1 
3
5 450
2 77 -1 0 -6033
4 2 1 2 0 
4 3 1 2 0 
4 5 1 2 0 
4 1 1 2 4 
3
5 451
2 89 -1 0 -6033
4 2 1 2 60 
4 3 1 2 135 
4 5 1 2 236 
4 1 1 2 1 
3
5 452
2 89 -1 0 -6033
4 2 1 2 16 
4 3 1 2 151 
4 5 1 2 236 
4 1 1 2 10 
3
5 453
2 89 -1 0 -6033
4 2 1 2 100 
4 3 1 2 149 
4 5 1 2 172 
4 1 1 2 10 
3
5 454
2 89 -1 0 -6033
4 2 1 2 132 
4 3 1 2 133 
4 5 1 2 172 
4 1 1 2 1 
3
5 455
2 89 -1 0 -6033
4 2 1 2 124 
4 3 1 2 31 
4 5 1 2 172 
4 1 1 2 10 
3
5 456
2 89 -1 0 -6033
4 2 1 2 40 
4 3 1 2 32 
4 5 1 2 236 
4 1 1 2 10 
3
5 457
5 -6033
2 2 -1 6034 -1
4 5 1 4 6035 
4 9 1 4 6034 
4 7 1 4 6034 
4 3 1 4 6026 
4 14 1 2 0 
3
2 43 -1 0 -6034
4 2 1 2 0 
4 3 1 2 4 
4 5 1 2 204 
4 1 1 2 1 
3
5 459
2 77 -1 0 -6034
4 2 1 2 0 
4 3 1 2 0 
4 5 1 2 0 
4 1 1 2 4 
3
5 460
2 89 -1 0 -6034
4 2 1 2 4 
4 3 1 2 138 
4 5 1 2 80 
4 1 1 2 10 
3
5 461
2 89 -1 0 -6034
4 2 1 2 72 
4 3 1 2 139 
4 5 1 2 81 
4 1 1 2 10 
3
5 462
2 89 -1 0 -6034
4 2 1 2 144 
4 3 1 2 31 
4 5 1 2 57 
4 1 1 2 10 
3
5 463
2 89 -1 0 -6034
4 2 1 2 36 
4 3 1 2 31 
4 5 1 2 40 
4 1 1 2 10 
3
5 464
2 89 -1 0 -6034
4 2 1 2 108 
4 3 1 2 129 
4 5 1 2 40 
4 1 1 2 10 
3
5 465
2 89 -1 0 -6034
4 2 1 2 28 
4 3 1 2 132 
4 5 1 2 33 
4 1 1 2 10 
3
5 466
2 89 -1 0 -6034
4 2 1 2 76 
4 3 1 2 30 
4 5 1 2 56 
4 1 1 2 10 
3
5 467
2 89 -1 0 -6034
4 2 1 2 108 
4 3 1 2 151 
4 5 1 2 33 
4 1 1 2 10 
3
5 468
5 -6034
2 2 -1 6035 -1
4 5 1 4 6036 
4 9 1 4 6034 
4 7 1 4 6036 
4 3 1 4 6027 
4 14 1 2 0 
3
2 43 -1 0 -6035
4 2 1 2 0 
4 3 1 2 4 
4 5 1 2 204 
4 1 1 2 1 
3
5 470
2 77 -1 0 -6035
4 2 1 2 0 
4 3 1 2 0 
4 5 1 2 0 
4 1 1 2 4 
3
5 471
2 89 -1 0 -6035
4 2 1 2 16 
4 3 1 2 30 
4 5 1 2 172 
4 1 1 2 1 
4 6 1 2 1 
3
5 472
2 89 -1 0 -6035
4 2 1 2 88 
4 3 1 2 43 
4 5 1 2 32 
4 1 1 2 1 
4 6 1 2 2 
3
5 473
2 89 -1 0 -6035
4 2 1 2 36 
4 3 1 2 84 
4 5 1 2 40 
4 1 1 2 10 
4 6 1 2 2 
3
5 474
2 89 -1 0 -6035
4 2 1 2 128 
4 3 1 2 130 
4 5 1 2 32 
4 1 1 2 1 
3
5 475
2 89 -1 0 -6035
4 2 1 2 112 
4 3 1 2 31 
4 5 1 2 80 
4 1 1 2 10 
3
5 476
2 89 -1 0 -6035
4 2 1 2 88 
4 3 1 2 30 
4 5 1 2 188 
4 1 1 2 1 
4 6 1 2 1 
3
5 477
2 89 -1 0 -6035
4 2 1 2 16 
4 3 1 2 35 
4 5 1 2 32 
4 1 1 2 1 
4 6 1 2 2 
3
5 478
2 89 -1 0 -6035
4 2 1 2 56 
4 3 1 2 132 
4 5 1 2 56 
4 1 1 2 10 
3
5 479
2 89 -1 0 -6035
4 2 1 2 44 
4 3 1 2 32 
4 5 1 2 196 
4 1 1 2 10 
4 6 1 2 1 
3
5 480
5 -6035
2 2 -1 6036 -1
4 5 1 4 6037 
4 9 1 4 6035 
4 7 1 4 6035 
4 14 1 2 0 
3
2 43 -1 0 -6036
4 2 1 2 0 
4 3 1 2 4 
4 5 1 2 204 
4 1 1 2 1 
3
5 482
2 77 -1 0 -6036
4 2 1 2 0 
4 3 1 2 0 
4 5 1 2 0 
4 1 1 2 4 
3
5 483
2 89 -1 0 -6036
4 2 1 2 20 
4 3 1 2 135 
4 5 1 2 148 
4 1 1 2 1 
3
5 484
2 89 -1 0 -6036
4 2 1 2 56 
4 3 1 2 140 
4 5 1 2 205 
4 1 1 2 10 
3
5 485
2 89 -1 0 -6036
4 2 1 2 100 
4 3 1 2 129 
4 5 1 2 188 
4 1 1 2 10 
3
5 486
2 89 -1 0 -6036
4 2 1 2 136 
4 3 1 2 145 
4 5 1 2 197 
4 1 1 2 1 
3
5 487
2 89 -1 0 -6036
4 2 1 2 92 
4 3 1 2 37 
4 5 1 2 8 
4 1 1 2 1 
4 6 1 2 2 
3
5 488
2 89 -1 0 -6036
4 2 1 2 92 
4 3 1 2 32 
4 5 1 2 172 
4 1 1 2 1 
4 6 1 2 1 
3
5 489
2 89 -1 0 -6036
4 2 1 2 64 
4 3 1 2 42 
4 5 1 2 17 
4 1 1 2 1 
4 6 1 2 2 
3
5 490
2 89 -1 0 -6036
4 2 1 2 64 
4 3 1 2 31 
4 5 1 2 237 
4 1 1 2 1 
4 6 1 2 1 
3
5 491
5 -6036
2 2 -1 6037 -1
4 5 1 4 6038 
4 9 1 4 6036 
4 7 1 4 6038 
4 3 1 4 6029 
4 14 1 2 0 
3
2 43 -1 0 -6037
4 2 1 2 0 
4 3 1 2 4 
4 5 1 2 204 
4 1 1 2 1 
3
5 493
2 77 -1 0 -6037
4 2 1 2 0 
4 3 1 2 0 
4 5 1 2 0 
4 1 1 2 4 
3
5 494
2 89 -1 0 -6037
4 2 1 2 60 
4 3 1 2 135 
4 5 1 2 188 
4 1 1 2 1 
3
5 495
2 89 -1 0 -6037
4 2 1 2 16 
4 3 1 2 151 
4 5 1 2 196 
4 1 1 2 10 
3
5 496
2 89 -1 0 -6037
4 2 1 2 100 
4 3 1 2 149 
4 5 1 2 204 
4 1 1 2 10 
3
5 497
2 89 -1 0 -6037
4 2 1 2 132 
4 3 1 2 133 
4 5 1 2 196 
4 1 1 2 1 
3
5 498
2 89 -1 0 -6037
4 2 1 2 124 
4 3 1 2 31 
4 5 1 2 8 
4 1 1 2 10 
3
5 499
2 89 -1 0 -6037
4 2 1 2 40 
4 3 1 2 32 
4 5 1 2 16 
4 1 1 2 10 
3
5 500
5 -6037
2 2 -1 6038 -1
4 5 1 4 6039 
4 9 1 4 6037 
4 7 1 4 6037 
4 3 1 4 6030 
4 14 1 2 0 
3
2 43 -1 0 -6038
4 2 1 2 0 
4 3 1 2 4 
4 5 1 2 204 
4 1 1 2 1 
3
5 502
2 77 -1 0 -6038
4 2 1 2 0 
4 3 1 2 0 
4 5 1 2 0 
4 1 1 2 4 
3
5 503
2 89 -1 0 -6038
4 2 1 2 12 
4 3 1 2 152 
4 5 1 2 188 
4 1 1 2 1 
3
5 504
2 89 -1 0 -6038
4 2 1 2 64 
4 3 1 2 135 
4 5 1 2 204 
4 1 1 2 10 
3
5 505
2 89 -1 0 -6038
4 2 1 2 100 
4 3 1 2 135 
4 5 1 2 173 
4 1 1 2 10 
3
5 506
2 89 -1 0 -6038
4 2 1 2 132 
4 3 1 2 150 
4 5 1 2 148 
4 1 1 2 1 
3
5 507
2 89 -1 0 -6038
4 2 1 2 124 
4 3 1 2 31 
4 5 1 2 24 
4 1 1 2 10 
3
5 508
2 89 -1 0 -6038
4 2 1 2 40 
4 3 1 2 32 
4 5 1 2 24 
4 1 1 2 10 
3
5 509
2 89 -1 0 -6038
4 2 1 2 80 
4 3 1 2 32 
4 5 1 2 16 
4 1 1 2 1 
3
5 510
5 -6038
2 2 -1 6039 -1
4 5 1 4 6040 
4 9 1 4 6038 
4 7 1 4 6042 
4 3 1 4 6031 
4 14 1 2 0 
3
2 43 -1 0 -6039
4 2 1 2 0 
4 3 1 2 4 
4 5 1 2 204 
4 1 1 2 1 
3
5 512
2 77 -1 0 -6039
4 2 1 2 0 
4 3 1 2 0 
4 5 1 2 0 
4 1 1 2 4 
3
5 513
2 89 -1 0 -6039
4 2 1 2 52 
4 3 1 2 32 
4 5 1 2 8 
4 1 1 2 1 
3
5 514
2 89 -1 0 -6039
4 2 1 2 12 
4 3 1 2 132 
4 5 1 2 172 
4 1 1 2 10 
3
5 515
2 89 -1 0 -6039
4 2 1 2 140 
4 3 1 2 155 
4 5 1 2 172 
4 1 1 2 10 
3
5 516
2 89 -1 0 -6039
4 2 1 2 96 
4 3 1 2 146 
4 5 1 2 172 
4 1 1 2 10 
3
5 517
2 89 -1 0 -6039
4 2 1 2 48 
4 3 1 2 140 
4 5 1 2 172 
4 1 1 2 10 
3
5 518
2 89 -1 0 -6039
4 2 1 2 88 
4 3 1 2 32 
4 5 1 2 8 
4 1 1 2 1 
3
5 519
2 89 -1 0 -6039
4 2 1 2 116 
4 3 1 2 30 
4 5 1 2 172 
4 1 1 2 1 
3
5 520
2 89 -1 0 -6039
4 2 1 2 16 
4 3 1 2 30 
4 5 1 2 8 
4 1 1 2 1 
3
5 521
2 89 -1 0 -6039
4 2 1 2 72 
4 3 1 2 30 
4 5 1 2 237 
4 1 1 2 1 
3
5 522
5 -6039
2 2 -1 6040 -1
4 5 1 4 6041 
4 9 1 4 6039 
4 7 1 4 6041 
4 3 1 4 6032 
4 14 1 2 0 
3
2 43 -1 0 -6040
4 2 1 2 0 
4 3 1 2 4 
4 5 1 2 204 
4 1 1 2 1 
3
5 524
2 77 -1 0 -6040
4 2 1 2 0 
4 3 1 2 0 
4 5 1 2 0 
4 1 1 2 4 
3
5 525
2 89 -1 0 -6040
4 2 1 2 68 
4 3 1 2 140 
4 5 1 2 236 
4 1 1 2 1 
3
5 526
2 89 -1 0 -6040
4 2 1 2 44 
4 3 1 2 32 
4 5 1 2 236 
4 1 1 2 10 
3
5 527
2 89 -1 0 -6040
4 2 1 2 104 
4 3 1 2 31 
4 5 1 2 172 
4 1 1 2 10 
3
5 528
2 89 -1 0 -6040
4 2 1 2 136 
4 3 1 2 135 
4 5 1 2 236 
4 1 1 2 1 
3
5 529
2 89 -1 0 -6040
4 2 1 2 8 
4 3 1 2 134 
4 5 1 2 172 
4 1 1 2 1 
3
5 530
5 -6040
2 2 -1 6041 -1
4 9 1 4 6040 
4 7 1 4 6040 
4 3 1 4 6033 
4 14 1 2 0 
3
2 43 -1 0 -6041
4 2 1 2 0 
4 3 1 2 4 
4 5 1 2 204 
4 1 1 2 1 
3
5 532
2 77 -1 0 -6041
4 2 1 2 0 
4 3 1 2 0 
4 5 1 2 0 
4 1 1 2 4 
3
5 533
2 89 -1 0 -6041
4 2 1 2 20 
4 3 1 2 135 
4 5 1 2 172 
4 1 1 2 1 
3
5 534
2 89 -1 0 -6041
4 2 1 2 56 
4 3 1 2 140 
4 5 1 2 237 
4 1 1 2 10 
3
5 535
2 89 -1 0 -6041
4 2 1 2 100 
4 3 1 2 129 
4 5 1 2 172 
4 1 1 2 10 
3
5 536
2 89 -1 0 -6041
4 2 1 2 136 
4 3 1 2 145 
4 5 1 2 237 
4 1 1 2 1 
3
5 537
2 89 -1 0 -6041
4 2 1 2 92 
4 3 1 2 37 
4 5 1 2 172 
4 1 1 2 1 
4 6 1 2 2 
3
5 538
2 89 -1 0 -6041
4 2 1 2 92 
4 3 1 2 32 
4 5 1 2 172 
4 1 1 2 1 
4 6 1 2 1 
3
5 539
2 89 -1 0 -6041
4 2 1 2 64 
4 3 1 2 42 
4 5 1 2 237 
4 1 1 2 1 
4 6 1 2 2 
3
5 540
2 89 -1 0 -6041
4 2 1 2 64 
4 3 1 2 31 
4 5 1 2 237 
4 1 1 2 1 
4 6 1 2 1 
3
5 541
5 -6041
2 2 -1 6000 -1
4 5 1 4 6001 
4 7 1 4 6011 
4 14 1 2 1 
3
2 43 -1 0 -6000
4 2 1 2 0 
4 3 1 2 4 
4 5 1 2 204 
4 1 1 2 1 
3
5 543
2 92 -1 0 -6000
4 2 1 2 0 
4 3 1 2 0 
4 5 1 2 0 
4 1 1 2 6 
3
5 544
2 89 -1 0 -6000
4 2 1 2 24 
4 3 1 2 148 
4 5 1 2 148 
4 1 1 2 6 
3
5 545
2 89 -1 0 -6000
4 2 1 2 128 
4 3 1 2 148 
4 5 1 2 173 
4 1 1 2 6 
3
5 546
2 27 -1 0 -6000
4 2 1 2 64 
4 3 1 2 32 
4 5 1 2 220 
4 1 1 2 1 
4 8 1 2 2 
4 9 1 2 0 
4 10 1 2 0 
3
5 547
2 76 -1 0 -6000
4 2 1 2 32 
4 3 1 2 111 
4 5 1 2 188 
4 1 1 2 4 
4 6 1 2 2 
4 8 1 2 68 
4 9 1 2 97 
4 10 1 2 100 
4 11 1 2 101 
4 12 1 2 110 
4 13 1 2 32 
4 14 1 2 83 
4 15 1 2 97 
4 16 1 2 108 
4 17 1 2 101 
4 18 1 2 115 
4 19 1 2 104 
4 20 1 2 58 
4 21 1 2 32 
4 22 1 2 87 
4 23 1 2 105 
4 24 1 2 122 
4 25 1 2 97 
4 26 1 2 114 
4 27 1 2 100 
4 28 1 2 32 
4 29 1 2 32 
4 30 1 2 32 
4 31 1 2 32 
4 32 1 2 32 
4 33 1 2 32 
4 34 1 2 32 
4 35 1 2 32 
4 36 1 2 32 
4 37 1 2 32 
4 38 1 2 32 
4 39 1 2 32 
4 40 1 2 32 
4 41 1 2 32 
4 42 1 2 32 
4 43 1 2 32 
4 44 1 2 32 
4 45 1 2 32 
4 46 1 2 32 
4 47 1 2 32 
3
5 548
2 62 -1 0 -6000
4 2 1 2 52 
4 3 1 2 144 
4 5 1 2 0 
4 6 1 2 1 
3
5 549
5 -6000
2 2 -1 6001 -1
4 9 1 4 6000 
4 14 1 2 1 
3
2 43 -1 0 -6001
4 2 1 2 0 
4 3 1 2 4 
4 5 1 2 204 
4 1 1 2 1 
3
5 551
2 77 -1 0 -6001
4 2 1 2 0 
4 3 1 2 0 
4 5 1 2 0 
4 1 1 2 4 
3
5 552
5 -6001
2 2 -1 6042 -1
4 3 1 4 6039 
4 14 1 2 1 
3
2 43 -1 0 -6042
4 2 1 2 0 
4 3 1 2 4 
4 5 1 2 204 
4 1 1 2 1 
3
5 554
2 92 -1 0 -6042
4 2 1 2 0 
4 3 1 2 0 
4 5 1 2 0 
4 1 1 2 6 
3
5 555
2 89 -1 0 -6042
4 2 1 2 24 
4 3 1 2 148 
4 5 1 2 148 
4 1 1 2 6 
3
5 556
2 89 -1 0 -6042
4 2 1 2 128 
4 3 1 2 148 
4 5 1 2 173 
4 1 1 2 6 
3
5 557
2 27 -1 0 -6042
4 2 1 2 64 
4 3 1 2 32 
4 5 1 2 220 
4 1 1 2 1 
4 8 1 2 2 
4 9 1 2 0 
4 10 1 2 0 
3
5 558
2 76 -1 0 -6042
4 2 1 2 32 
4 3 1 2 111 
4 5 1 2 188 
4 1 1 2 4 
4 6 1 2 2 
4 8 1 2 68 
4 9 1 2 97 
4 10 1 2 100 
4 11 1 2 101 
4 12 1 2 110 
4 13 1 2 32 
4 14 1 2 83 
4 15 1 2 97 
4 16 1 2 108 
4 17 1 2 101 
4 18 1 2 115 
4 19 1 2 104 
4 20 1 2 58 
4 21 1 2 32 
4 22 1 2 87 
4 23 1 2 105 
4 24 1 2 122 
4 25 1 2 97 
4 26 1 2 114 
4 27 1 2 100 
4 28 1 2 32 
4 29 1 2 32 
4 30 1 2 32 
4 31 1 2 32 
4 32 1 2 32 
4 33 1 2 32 
4 34 1 2 32 
4 35 1 2 32 
4 36 1 2 32 
4 37 1 2 32 
4 38 1 2 32 
4 39 1 2 32 
4 40 1 2 32 
4 41 1 2 32 
4 42 1 2 32 
4 43 1 2 32 
4 44 1 2 32 
4 45 1 2 32 
4 46 1 2 32 
4 47 1 2 32 
3
5 559
2 62 -1 0 -6042
4 2 1 2 52 
4 3 1 2 144 
4 5 1 2 0 
4 6 1 2 1 
3
5 560
5 -6042
