Object		x_fix	y_fix	how	 disk	  width	  walkto location
				held	/expres	  
		container?		/nobend
		gr_states	rght/frnt/down/back
---------------------------------------------------------------------------


sheriff		0	63	swing	00000000   3   244+right,28+left,255		no_cont   0,0,1,1,0,0,2,2		10000000 01000000 01100000

monk		0	63	swing	01000000   3   244+right,28+left,255		no_cont   0,0,1,1,0,0,2,2		10000000 01000000 01100000


bride		0	63	swing	00000000   3   244+right,28+left,255		no_cont   0,0,1,1,0,0,2,2		10000000 01000000 01100000

groom		0	63	swing	01000000   3   244+right,28+left,255		no_cont   0,0,1,1,0,0,2,2		10000000 01000000 01100000

minister	0	63	swing	00000000   3   244+right,28+left,255		no_cont   0,0,1,1,0,0,2,2		10000000 01000000 01100000



bolthead	0	63	swing	11000000   3   244+right,28+left,255		no_cont   0,0,1,1,0,0,1,1		10000000 01000000
necknod		0	63	swing	00000000   3   244+right,28+left,255		no_cont   0,0,1,1,0,0,2,2		10000000 01000000 01100000
bluegill	0	63	swing	00000000   3   244+right,28+left,255		no_cont   0,0,1,1,0,0,2,2		10000000 01000000 01100000

deer		0	63	swing	00000000   3   244+right,28+left,255		no_cont   0,0,1,1,0,0,2,2		10000000 01000000 01100000

kitty3		0	63	swing	00000000   3   244+right,28+left,255		no_cont   0,0,1,1,0,0,2,2		10000000 01000000 01100000

pony4		0	63	swing	00100000   3   244+right,28+left,255		no_cont   0,0,1,1,3,3,2,2		10010000 01000000 01100000 10000000



steve		0	63	swing	00000000   3   244+right,28+left,255		no_cont   0,0,1,1,0,0,2,2		10000000 01000000 01100000

george		0	63	swing	00000000   3   244+right,28+left,255		no_cont   0,0,1,1,0,0,2,2		10000000 01000000 01100000


test		0	63	swing	10100000   3   244+right,28+left,255		no_cont   0,0,1,1,0,0,2,2		10010000 01000000 01110000

angelwing	0	63	swing	10100000   3   244+right,28+left,255		no_cont   0,0,1,1,0,0,2,2		10010000 01000000 01110000
deviltail	0	63	swing	10100000   3   244+right,28+left,255		no_cont   0,0,1,1,3,3,2,2		10010000 01000000 01110000 10000000



head0		0	63	swing	11000000   3   244+right,28+left,255		no_cont   0,0,1,1,0,0,1,1		10000000 01000000
head1		0	63	swing	11000000   3   244+right,28+left,255		no_cont   0,0,1,1,0,0,2,2		10000000 01000000 01100000
head2		0	63	swing	01000000   3   244+right,28+left,255		no_cont   0,0,1,1,0,0,2,2		10000000 01000000 01100000
head3		0	63	swing	11000000   3   244+right,28+left,255		no_cont   0,0,1,1,0,0,1,1		10000000 01000000
head4		0	63	swing	01000000   3   244+right,28+left,255		no_cont   0,0,1,1,0,0,1,1		10000000 01000000
head5		0	63	swing	10000000   3   244+right,28+left,255		no_cont   0,0,1,1,0,0,1,1		10100000 01000000
head6		0	63	swing	11000000   3   244+right,28+left,255		no_cont   0,0,1,1,0,0,1,1		10000000 01000000
head7		0	63	swing	01000000   3   244+right,28+left,255		no_cont   0,0,1,1,0,0,1,1		10000000 01000000

head8		0	63	swing	01000000   3   244+right,28+left,255		no_cont   cycle+0,1,cycle+2,3,0,0,1,1	10000000 01000000 00100000 00010000

fhead		0	63	swing	00000000   3   244+right,28+left,255		no_cont   cycle+0,1,cycle+2,3,0,0,1,1	10000000 01000000 00100000 00010000



Object		x_fix	y_fix	how	bck hed	  is object	side,front,
				held	/expres	  container?	down,back
---------------------------------------------------------------------------


skull0		0	63	swing	00000000   3   244+right,28+left,255		no_cont   0,0,1,1,0,0,2,2		10000000 01000000 01100000
fly0		0	63	swing	00000000   3   244+right,28+left,255		no_cont   0,0,1,1,0,0,2,2		10000000 01000000 01100000
helmet0		0	63	swing	00000000   3   244+right,28+left,255		no_cont   0,0,1,1,0,0,2,2		10000000 01000000 01100000
ming0		0	63	swing	00000000   3   244+right,28+left,255		no_cont   0,0,1,1,0,0,2,2		10100000 01010000 01011000
stalk0		0	63	swing	00000000   3   244+right,28+left,255		no_cont   0,0,1,1,0,0,2,2		10000000 01000000 01100000
beard0		0	63	swing	11000000   3   244+right,28+left,255		no_cont   0,0,1,1,0,0,1,1		10000000 01000000


woman0		0	63	swing	11000000   3   244+right,28+left,255		no_cont   0,0,1,1,0,0,1,1		10000000 01000000
block0		0	63	swing	01000000   3   244+right,28+left,255		no_cont   0,0,1,1,0,0,1,1		10000000 01000000
buckw0		0	63	swing	11000000   3   244+right,28+left,255		no_cont   0,0,1,1,0,0,1,1		10000000 01000000
lizard0		0	63	swing	00000000   3   244+right,28+left,255		no_cont   0,0,1,1,0,0,2,2		10000000 01000000 01100000
sailor0		0	63	swing	01000000   3   244+right,28+left,255		no_cont   0,0,1,1,0,0,2,2		10000000 01000000 01100000
robot0		0	63	swing	00000000   3   244+right,28+left,255		no_cont+1   cycle+0,1,cycle+2,3,2,2,cycle+2,3	10001000 10011000 01000100 01100100



lioness		0	63	swing	10000000   3   244+right,28+left,255		no_cont   0,0,1,1,0,0,1,1		10000000 01000000

tiger		0	63	swing	00000000   3   244+right,28+left,255		no_cont   0,0,1,1,0,0,2,2		10000000 01000000 01100000
dragon0		0	63	swing	00000000   3   244+right,28+left,255		no_cont   0,0,1,1,0,0,2,2		10000000 01000000 01100000
ostrich0	0	63	swing	00000000   3   244+right,28+left,255		no_cont   0,0,1,1,0,0,2,2		10000000 01000000 01100000
turkey0		0	63	swing	00000000   3   244+right,28+left,255		no_cont   0,0,1,1,0,0,2,2		10000000 01000000 01100000



bizzaro0	0	63	swing	00000000   3   244+right,28+left,255		no_cont   0,0,1,1,0,0,2,2		10000000 01000000 01100000
duck0		0	63	swing	10000000   3   244+right,28+left,255		no_cont   0,0,1,1,0,0,1,1		10000000 01000000


bman0		0	63	swing	10000000   3   244+right,28+left,255		no_cont   0,0,1,1,0,0,1,1		10000000 01000000
coolcat0	0	63	swing	00000000   3   244+right,28+left,255		no_cont   0,0,1,1,0,0,2,2		10000000 01000000 01100000
grandma0	0	63	swing	00000000   3   244+right,28+left,255		no_cont   0,0,1,1,0,0,2,2		10000000 01000000 01100000
groucho		0	63	swing	00000000   3   244+right,28+left,255		no_cont   0,0,1,1,0,0,2,2		10000000 01000000 01100000
thug0		0	63	swing	00000000   3   244+right,28+left,255		no_cont   0,0,1,1,0,0,2,2		10000000 01000000 01100000
viking0		0	63	swing	00000000   3   244+right,28+left,255		no_cont   0,0,1,1,0,0,2,2		10000000 01000000 01100000


shades0		0	63	swing	11000000   3   244+right,28+left,255		no_cont   0,0,1,1,0,0,1,1		10000000 01000000

vampire0	0	63	swing	10000000   3   244+right,28+left,255		no_cont   0,0,1,1,0,0,2,2		10000000 01000000 01100000



tex0		0	63	swing	01000000   3   244+right,28+left,255		no_cont   0,0,1,1,0,0,2,2		10010000 01001000 01101000
tophat0		0	63	swing	01000000   3   244+right,28+left,255		no_cont   0,0,1,1,0,0,2,2		10000000 01000000 01100000
bozo0		0	63	swing	01000000   3   244+right,28+left,255		no_cont   0,0,1,1,0,0,2,2		10000000 01000000 01100000
fishead0	0	63	swing	10000000   3   244+right,28+left,255		no_cont   0,0,1,1,0,0,1,1		10000000 01000000
cyclops0	0	63	swing	00000000   3   244+right,28+left,255		no_cont   0,0,cycle+1,2,0,0,3,3		10000000 01000000 01100000 01010000


bean0		0	63	swing	00000000   3   244+right,28+left,255		no_cont   0,0,1,1,0,0,2,2		10000000 01000000 01100000
cent0		0	63	swing	11000000   3   244+right,28+left,255		no_cont   0,0,1,1,0,0,1,1		10000000 01000000
pirate1		0	63	swing	11000000   3   244+right,28+left,255		no_cont   0,0,1,1,0,0,1,1		10000000 01000000
pirate2		0	63	swing	00000000   3   244+right,28+left,255		no_cont   0,0,1,1,0,0,2,2		10000000 01000000 01100000
tknot1		0	63	swing	01000000   3   244+right,28+left,255		no_cont   0,0,1,1,0,0,2,2		10000000 01000000 01100000
tknot2		0	63	swing	01000000   3   244+right,28+left,255		no_cont   0,0,1,1,0,0,1,1		10000000 01000000

hillbilly0	0	63	swing	00000000   3   244+right,28+left,255		no_cont   0,0,1,1,0,0,2,2		10000000 01000000 01100000
coldlady0	0	63	swing	00000000   3   244+right,28+left,255		no_cont   0,0,1,1,0,0,2,2		10000000 01000000 01100000
turban0		0	63	swing	01000000   3   244+right,28+left,255		no_cont   0,0,1,1,0,0,2,2		10000000 01000000 01100000


fstien0		0	63	swing	00000000   3   244+right,28+left,255		no_cont   0,0,1,1,0,0,2,2		10000000 01000000 01100000
phair0		0	63	swing	11000000   3   244+right,28+left,255		no_cont   0,0,1,1,0,0,1,1		10000000 01000000


darth0		0	63	swing	00000000   3   244+right,28+left,255		no_cont   0,0,1,1,0,0,2,2		10000000 01000000 01100000
afro0		0	63	swing	11000000   3   244+right,28+left,255		no_cont   0,0,1,1,0,0,2,2		10000000 01000000 01100000
milkman0	0	63	swing	01000000   3   244+right,28+left,255		no_cont   0,0,1,1,0,0,2,2		10000000 01000000 01100000
wimpy0		0	63	swing	00000000   3   244+right,28+left,255		no_cont   0,0,1,1,0,0,2,2		10000000 01000000 01100000
woman1		0	63	swing	00000000   3   244+right,28+left,255		no_cont   0,0,1,1,0,0,2,2		10000000 01000000 01100000
sherlock0	0	63	swing	00000000   3   244+right,28+left,255		no_cont   0,0,1,1,0,0,2,2		10000000 01000000 01100000
hunter0		0	63	swing	10000000   3   244+right,28+left,255		no_cont   0,0,1,1,0,0,1,1		10000000 01000000
metro0		0	63	swing	10000000   3   244+right,28+left,255		no_cont   0,0,1,1,0,0,1,1		10000000 01000000
hammer0		0	63	swing	00000000   3   244+right,28+left,255		no_cont   0,0,1,1,0,0,2,2		10000000 01000000 01100000

rabbit0		0	63	swing	10000000   3   244+right,28+left,255		no_cont   0,0,1,1,0,0,2,2		10000000 01000000 01100000

army0		0	63	swing	00000000   3   244+right,28+left,255		no_cont   0,0,1,1,0,0,2,2		10000000 01000000 01100000
witch0		0	63	swing	00000000   3   244+right,28+left,255		no_cont   0,0,1,1,0,0,2,2		10011000 01000110 01100110
bigmama0		0	63	swing	00000000   3   244+right,28+left,255		no_cont   0,0,1,1,0,0,2,2		10000000 01000000 01100000



dandy0		0	63	swing	10000000   3   244+right,28+left,255		no_cont   0,0,1,1,0,0,1,1		10000000 01000000
mr_mike0		0	63	swing	00000000   3   244+right,28+left,255		no_cont   0,0,1,1,0,0,2,2		10000000 01000000 01100000
tonto0		0	63	swing	00000000   3   244+right,28+left,255		no_cont   0,0,1,1,0,0,2,2		10000000 01000000 01100000
oldman0		0	63	swing	10000000   3   244+right,28+left,255		no_cont   0,0,1,1,0,0,1,1		10000000 01000000

santa0		0	63	swing	00000000   3   244+right,28+left,255		no_cont   0,0,1,1,0,0,2,2		10000000 01000000 01100000
jerk0		0	63	swing	10000000   3   244+right,28+left,255		no_cont   0,0,1,1,0,0,2,2		10000000 01000000 01100000
fhippie0	0	63	swing	00000000   3   244+right,28+left,255		no_cont   0,0,1,1,0,0,2,2		10000000 01000000 01100000
jaws0		0	63	swing	00000000   3   244+right,28+left,255		no_cont   0,0,1,1,0,0,2,2		10000000 01000000 01110000
brain0		0	63	swing	00000000   3   244+right,28+left,255		no_cont   0,0,1,1,0,0,2,2		10000000 01000000 01100000
oink0		0	63	swing	10000000   3   244+right,28+left,255		no_cont   0,0,1,1,0,0,2,2		10000000 01000000 01000000


doctor0		0	63	swing	00000000   3   244+right,28+left,255		no_cont   0,0,1,1,0,0,2,2		10000000 01000000 01100000
princess0	0	63	swing	00000000   3   244+right,28+left,255		no_cont   0,0,1,1,0,0,2,2		10000000 01000000 01100000
mouse0		0	63	swing	10000000   3   244+right,28+left,255		no_cont   0,0,1,1,0,0,2,2		10000000 01000000 01100000
wizard0		0	63	swing	00000000   3   244+right,28+left,255		no_cont   0,0,1,1,0,0,2,2		10010000 01010000 01110000
madsci0		0	63	swing	00000000   3   244+right,28+left,255		no_cont   0,0,1,1,0,0,2,2		10000000 01000000 01100000
pigtail0	0	63	swing	00000000   3   244+right,28+left,255		no_cont   0,0,1,1,0,0,2,2		10010000 01000000 01100000

chef0		0	63	swing	00000000   3   244+right,28+left,255		no_cont   0,0,1,1,0,0,2,2		10000000 01000000 01100000


bum0		0	63	swing	00000000   3   244+right,28+left,255		no_cont   0,0,1,1,0,0,2,2		10000000 01000000 01100000
newsboy0	0	63	swing	00000000   3   244+right,28+left,255		no_cont   0,0,1,1,0,0,2,2		10000000 01000000 01100000

gabor0		0	63	swing	00000000   3   244+right,28+left,255		no_cont   0,0,1,1,0,0,2,2		10000000 01000000 01100000
ninja0		0	63	swing	00000000   3   244+right,28+left,255		no_cont   0,0,1,1,0,0,2,2		10000000 01000000 01100000
statesman0	0	63	swing	00000000   3   244+right,28+left,255		no_cont   0,0,1,1,0,0,2,2		10000000 01000000 01100000
irma0		0	63	swing	00000000   3   244+right,28+left,255		no_cont   0,0,1,1,0,0,2,2		10000000 01000000 01100000
dodo0		0	63	swing	00000000   3   244+right,28+left,255		no_cont   0,0,1,1,0,0,2,2		10000000 01000000 01100000
tasha0		0	63	swing	00000000   3   244+right,28+left,255		no_cont   0,0,1,1,0,0,2,2		10000000 01000000 01100000
scruffy0	0	63	swing	10000000   3   244+right,28+left,255		no_cont   0,0,1,1,0,0,1,1		10000000 01000000
grit0		0	63	swing	00000000   3   244+right,28+left,255		no_cont   0,0,1,1,0,0,2,2		10000000 01000000 01100000
army1		0	63	swing	00000000   3   244+right,28+left,255		no_cont   0,0,1,1,0,0,2,2		10000000 01000000 01100000
penguin0	0	63	swing	00000000   3   244+right,28+left,255		no_cont   0,0,1,1,0,0,2,2		10000000 01000000 01100000
chaplin0	0	63	swing	00000000   3   244+right,28+left,255		no_cont   0,0,1,1,0,0,2,2		10000000 01000000 01100000
nailhead0	0	63	swing	00000000   3   244+right,28+left,255		no_cont   0,0,1,1,0,0,2,2		10000000 01000000 01100000

ascot0		0	63	swing	00000000   3   244+right,28+left,255		no_cont   0,0,1,1,0,0,2,2		10000000 01000000 01100000
satan0		0	63	swing	10000000   3   244+right,28+left,255		no_cont   0,0,1,1,0,0,2,2		10000000 01000000 01100000
angel0		0	63	swing	10000000   3   244+right,28+left,255		no_cont   0,0,1,1,0,0,1,1		10000000 01000000 
angel1		0	63	swing	00000000   3   244+right,28+left,255		no_cont   0,0,1,1,0,0,2,2		10000000 01000000 01100000

spacesuit0	0	63	swing	10000000   3   244+right,28+left,255		no_cont   0,0,1,1,0,0,1,1		10100000 01100000 
moto0		0	63	swing	00000000   3   244+right,28+left,255		no_cont   0,0,1,1,0,0,2,2		10000000 01000000 01100000

hardhat0	0	63	swing	00000000   3   244+right,28+left,255		no_cont   0,0,1,1,0,0,2,2		10000000 01000000 01100000
gamorrean0	0	63	swing	00000000   3   244+right,28+left,255		no_cont   0,0,1,1,0,0,2,2		10000000 01000000 01100000
princess1	0	63	swing	00000000   3   244+right,28+left,255		no_cont   0,0,1,1,0,0,2,2		10000000 01000000 01110000
boone0		0	63	swing	00000000   3   244+right,28+left,255		no_cont   0,0,1,1,0,0,2,2		10010000 01010000 01110000
hiawatha0	0	63	swing	00000000   3   244+right,28+left,255		no_cont   0,0,1,1,0,0,2,2		10010000 01010000 01110000

dobbs0		0	63	swing	00000000   3   244+right,28+left,255		no_cont   0,0,1,1,0,0,2,2		10000000 01000000 01100000

juvie0		0	63	swing	00000000   3   244+right,28+left,255		no_cont   0,0,1,1,0,0,2,2		10000000 01000000 01100000
beaver0		0	63	swing	00000000   3   244+right,28+left,255		no_cont   0,0,1,1,0,0,2,2		10000000 01000000 01100000
phydeaux0	0	63	swing	00000000   3   244+right,28+left,255		no_cont   0,0,1,1,0,0,2,2		10000000 01000000 01100000
smiley0		0	63	swing	00000000   3   244+right,28+left,255		no_cont   0,0,1,1,0,0,2,2		10000000 01000000 01100000

mbeany0		0	63	swing	00000000   3   244+right,28+left,255		no_cont   cycle+0,3,cycle+4,7,0,0,cycle+8,11	10010000 10001000 10000100 10001000  01010000 01001000 01000100 01001000  01110000 01101000 01100100 01101000

fbeany0		0	63	swing	00000000   3   244+right,28+left,255		no_cont   cycle+0,3,cycle+4,7,0,0,cycle+8,11	10001000 10000100 10000010 10000100  01011000 01010100 01010010 01010100  01111000 01110100 01110010 01110100

executioner0	0	63	swing	00000000   3   244+right,28+left,255		no_cont   0,0,1,1,0,0,2,2		10000000 01000000 01100000
keystone0	0	63	swing	00000000   3   244+right,28+left,255		no_cont   0,0,1,1,0,0,2,2		10000000 01000000 01100000

airforce0	0	63	swing	00000000   3   244+right,28+left,255		no_cont   0,0,1,1,0,0,2,2		10000000 01000000 01100000
unicorn0	0	63	swing	00000000   3   244+right,28+left,255		no_cont   0,0,1,1,0,0,2,2		10000000 01000000 01100000

cootie0		0	63	swing	00000000   3   244+right,28+left,255		no_cont   0,0,1,1,0,0,2,2		10111000 01101000 01101110


tonto1		0	63	swing	01000000   3   244+right,28+left,255		no_cont   0,0,1,1,0,0,2,2		10000000 01000000 01100000

mask		0	63	swing	00000000   3   244+right,28+left,255		no_cont   0,0,1,1,0,0,2,2		10000000 01000000 01100000

rhood		0	63	swing	01000000   3   244+right,28+left,255		no_cont   0,0,1,1,0,0,2,2		10000000 01000000 01100000

knight1		0	63	swing	00000000   3   244+right,28+left,255		no_cont   0,0,1,1,0,0,2,2		10000000 01000000 01100000

knight2		0	63	swing	00000000   3   244+right,28+left,255		no_cont   0,0,1,1,0,0,2,2		10000000 01000000 01100000

king		0	63	swing	01000000   3   244+right,28+left,255		no_cont   0,0,1,1,0,0,2,2		10000000 01000000 01100000


plughead	0	63	swing	00000000   3   244+right,28+left,255		no_cont   0,0,1,1,0,0,2,2		10000000 01000000 01100000

brain		0	63	swing	01000000   3   244+right,28+left,255		no_cont   0,0,1,1,0,0,2,2		10000000 01100000 01000000

bem1		0	63	swing	00000000   3   244+right,28+left,255		no_cont   0,0,1,1,0,0,2,2		10000000 01000000 01100000

bem2		0	63	swing	00000000   3   244+right,28+left,255		no_cont   0,0,1,1,0,0,2,2		10000000 01000000 01100000

brow		0	63	swing	01000000   3   244+right,28+left,255		no_cont   0,0,1,1,0,0,1,1		10000000 01000000



motohead	0	63	swing	00000000   3   244+right,28+left,255		no_cont   0,0,1,1,0,0,2,2		10000000 01000000 00100000

bimbi		0	63	swing	00000000   3   244+right,28+left,255		no_cont   0,0,1,1,0,0,2,2		10000000 01000000 01100000

arrowgag	0	63	swing	11000000   3   244+right,28+left,255		no_cont   0,0,1,1,0,0,1,1		10000000 01000000

bluehorn	0	63	swing	00000000   3   244+right,28+left,255		no_cont   0,0,1,1,0,0,2,2		10000000 01000000 01100000

cleo		0	63	swing	00000000   3   244+right,28+left,255		no_cont   0,0,1,1,0,0,2,2		10000000 01000000 01100000

demon1		0	63	swing	00000000   3   244+right,28+left,255		no_cont   0,0,1,1,0,0,2,2		10000000 01000000 01100000

invsman		0	63	swing	00000000   3   244+right,28+left,255		no_cont   0,0,1,1,0,0,2,2		10000000 01000000 01100000

rotohead	0	63	swing	00000000   3   244+right,28+left,255		no_cont   0,0,1,1,0,0,2,2		10000000 01000000 01100000

wwolf		0	63	swing	00000000   3   244+right,28+left,255		no_cont   0,0,1,1,0,0,2,2		10000000 01000000 01100000

bem3		0	63	swing	00000000   3   244+right,28+left,255		no_cont   0,0,1,1,0,0,2,2		10000000 01000000 01100000

pothead		0	63	swing	00000000   3   244+right,28+left,255		no_cont   0,0,1,1,0,0,2,2		10000000 01000000 01100000


baron		0	63	swing	10000000   3   244+right,28+left,255		no_cont   0,0,1,1,0,0,1,1		10000000 01000000

elephead		0	63	swing	10000000   3   244+right,28+left,255		no_cont   0,0,1,1,0,0,2,2		10000000 01100000 01000000

melvin		0	63	swing	00000000   3   244+right,28+left,255		no_cont   0,0,1,1,0,0,2,2		10000000 01000000 01100000

demon2		0	63	swing	00000000   3   244+right,28+left,255		no_cont   0,0,1,1,0,0,2,2		10000000 01000000 01100000

rivithead	0	63	swing	00000000   3   244+right,28+left,255		no_cont   0,0,1,1,0,0,2,2		10000000 01000000 01100000

riotcop		0	63	swing	00000000   3   244+right,28+left,255		no_cont   0,0,1,1,0,0,2,2		10000000 01000000 01100000

jaggi		0	63	swing	00000000   3   244+right,28+left,255		no_cont   0,0,1,1,0,0,2,2		10000000 01000000 01110000

peakhead	0	63	swing	11000000   3   244+right,28+left,255		no_cont   0,0,1,1,0,0,1,1		10000000 01000000

resident	0	63	swing	00000000   3   244+right,28+left,255		no_cont   0,0,1,1,3,3,2,2		10011000 01010000 01110000 00010000



newhab1		0	63	swing	01000000   3   244+right,28+left,255		no_cont   0,0,1,1,0,0,2,2		10000000 01000000 01100000
